2,2.5,3,3.5,4,4.5,5,5.5,6,6.5,7
4348.61302525231804,4348.61302525231804,4348.61302525231804,4348.61302525231804,4348.61302525231804,4348.61302525231804,4348.61302525231804,4348.61302525231804,4348.61302525231804,4348.61302525231804,4348.61302525231804
2626.21196167618791,2314.23742564845952,2038.92332854763868,1795.96229741259958,1581.55313859673515,1392.34136795628660,1225.36673033756847,1078.01688740366285, 947.98654938588686, 833.24141157026645, 731.98633157302027
1581.55313859673515,1225.36673033756847, 947.98654938588686, 731.98633157302027, 563.79641504014239, 432.85145185437392, 330.92705824253335, 251.62389117118383, 189.96706220188014, 142.09638920012168, 105.02945206930491
 947.98654938588686, 642.63724990664616, 432.85145185437392, 288.78811472739443, 189.96706220188014, 122.36976332509786,  76.48569698647403,  46.08086188195416,  27.64198652342888,  19.93833780048660,  20.34198330985104
 563.79641504014239, 330.92705824253335, 189.96706220188014, 105.02945206930491,  54.76731759750297,  27.64198652342888,  19.44282313552646,  22.37469732437227,  26.57506576463544,  29.65169660952515,  31.65293352348138
 330.92705824253335, 164.51309020250633,  76.48569698647403,  32.56595402251629,  19.44282313552646,  23.48722831431478,  28.26654965767237,  31.23513277393843,  32.90675810609816,  33.82125866115200,  34.31590178432249
 189.96706220188014,  76.48569698647403,  27.64198652342888,  20.34198330985104,  26.57506576463544,  30.76594292964646,  32.90675810609816,  33.94599421541828,  34.44246775409685,  34.67816507506343,  34.78975746776048
 105.02945206930491,  32.56595402251629,  20.34198330985104,  27.46045237463559,  31.65293352348138,  33.52069116927791,  34.31590178432249,  34.65003058935170,  34.78975746776048,  34.84807980559976,  34.87240521095330
  54.76731759750297,  19.44282313552646,  26.57506576463544,  31.65293352348138,  33.68018854538721,  34.44246775409685,  34.72492793617160,  34.82910531346347,  34.86746559998561,  34.88158235316411,  34.88677626394438
  27.64198652342888,  23.48722831431478,  30.76594292964646,  33.52069116927791,  34.44246775409685,  34.74428243795784,  34.84252663673266,  34.87444885122171,  34.88481531049101,  34.88818110533598,  34.88927385036060
  19.44282313552646,  28.26654965767237,  32.90675810609816,  34.31590178432249,  34.72492793617160,  34.84252663673266,  34.87625240224637,  34.88591770633616,  34.88868708451735,  34.88948054288266,  34.88970787400684
