2,2.5,3,3.5,4,4.5,5,5.5,6,6.5,7
1578.96942026758120,1578.96942026758120,1578.96942026758120,1578.96942026758120,1578.96942026758120,1578.96942026758120,1578.96942026758120,1578.96942026758120,1578.96942026758120,1578.96942026758120,1578.96942026758120
 948.54231173308244, 834.37124068500145, 733.62571240442844, 644.72965484762187, 566.29242328391717, 497.08705486984189, 436.03108781484468, 382.16964629444988, 334.66052815426127, 292.76106438314520, 255.81654787466579
 566.29242328391717, 436.03108781484468, 334.66052815426127, 255.81654787466579, 194.55350413802796, 147.03612218864916, 110.30310514888292,  82.08922894651921,  60.69667111646839,  44.90637640608442,  33.90291844862193
 334.66052815426127, 223.25005466586146, 147.03612218864916,  95.24948243819627,  60.69667111646839,  38.84440081277419,  27.12482576468376,  23.35323277410296,  23.99154157150471,  25.93159764379315,  27.83798689300534
 194.55350413802796, 110.30310514888292,  60.69667111646839,  33.90291844862193,  23.92354092774807,  23.99154157150471,  26.59945728976657,  28.90268011576450,  30.50390657398719,  31.53813473437830,  32.18621875510855
 110.30310514888292,  52.16062125506850,  27.12482576468376,  23.51955021659799,  26.59945728976657,  29.36632637790419,  31.07988835978394,  32.05198312338349,  32.58645878352671,  32.87637432144390,  33.03261993262390
  60.69667111646839,  27.12482576468376,  23.99154157150471,  27.83798689300534,  30.50390657398719,  31.90062583503295,  32.58645878352671,  32.91580954993980,  33.07254289106953,  33.14683271845775,  33.18198102112580
  33.90291844862193,  23.51955021659799,  27.83798689300534,  30.80809411938676,  32.18621875510855,  32.78124809910764,  33.03261993262390,  33.13796872832559,  33.18198102112580,  33.20034473824293,  33.20800276408347
  23.92354092774807,  26.59945728976657,  30.50390657398719,  32.18621875510855,  32.83174550000433,  33.07254289106953,  33.16156352073065,  33.19437077025083,  33.20644775321797,  33.21089169051625,  33.21252666754375
  23.99154157150471,  29.36632637790419,  31.90062583503295,  32.78124809910764,  33.07254289106953,  33.16765959763453,  33.19859641220003,  33.20864610231567,  33.21190938813269,  33.21296888820545,  33.21331286450317
  26.59945728976657,  31.07988835978394,  32.58645878352671,  33.03261993262390,  33.16156352073065,  33.19859641220003,  33.20921385626766,  33.21225640675500,  33.21312816144404,  33.21337792739696,  33.21344948687323
