2,2.5,3,3.5,4,4.5,5,5.5,6,6.5,7
664.55204561742892,664.55204561742892,664.55204561742892,664.55204561742892,664.55204561742892,664.55204561742892,664.55204561742892,664.55204561742892,664.55204561742892,664.55204561742892,664.55204561742892
395.86561349106080,347.22966474884453,304.32600926483906,266.48381841713416,233.11158034320312,203.68788682547219,177.75333083929078,154.90339279533114,134.78221058456705,117.07714436143483,101.51406170522064
233.11158034320312,177.75333083929078,134.78221058456705,101.51406170522064, 75.88613056919465, 56.33625353091104, 41.71755071318769, 31.23504681412862, 24.35833992329026, 20.61427273539594, 19.29432362655402
134.78221058456705, 87.85328211682568, 56.33625353091104, 35.99704575273250, 24.35833992329026, 19.70815507156556, 19.46362479718226, 20.83870517914834, 22.39705959241137, 23.70168983019319, 24.69088742644325
 75.88613056919465, 41.71755071318769, 24.35833992329026, 19.29432362655402, 20.31762568122579, 22.39705959241137, 24.06518459258763, 25.19594513437884, 25.91947347376292, 26.37095446102127, 26.64918609346811
 41.71755071318769, 22.13097318908904, 19.46362479718226, 21.89615727510111, 24.06518459258763, 25.40919613164487, 26.17215530018599, 26.59181597399804, 26.81950435502534, 26.94222878814468, 27.00815867078364
 24.35833992329026, 19.46362479718226, 22.39705959241137, 24.69088742644325, 25.91947347376292, 26.52697078914775, 26.81950435502534, 26.95888256055506, 27.02498190798335, 27.05626292046103, 27.07105188830266
 19.29432362655402, 21.89615727510111, 24.69088742644325, 26.05333465937300, 26.64918609346811, 26.90201789359609, 27.00815867078364, 27.05253222307360, 27.07105188830266, 27.07877584928457, 27.08199633764721
 20.31762568122579, 24.06518459258763, 25.91947347376292, 26.64918609346811, 26.92337050702161, 27.02498190798335, 27.06246188051493, 27.07626334490321, 27.08134242328484, 27.08321115567482, 27.08389865689750
 22.39705959241137, 25.40919613164487, 26.52697078914775, 26.90201789359609, 27.02498190798335, 27.06502685291585, 27.07804056673930, 27.08226687081925, 27.08363909514089, 27.08408460635568, 27.08422924427307
 24.06518459258763, 26.17215530018599, 26.81950435502534, 27.00815867078364, 27.06246188051493, 27.07804056673930, 27.08250561778872, 27.08378501434970, 27.08415157892808, 27.08425660236783, 27.08428669216341
