2,2.5,3,3.5,4,4.5,5,5.5,6,6.5,7
3358.763149381404673,3358.763149381404673,3358.763149381404673,3358.763149381404673,3358.763149381404673,3358.763149381404673,3358.763149381404673,3358.763149381404673,3358.763149381404673,3358.763149381404673,3358.763149381404673
2033.125466334523253,1793.013124020627629,1581.115184489264038,1394.116430318889797,1229.091201044834179,1083.457620261260445, 954.937201376462781, 841.519200047986374, 741.429155590244591, 653.101129188858522, 575.153204598512843
1229.091201044834179, 954.937201376462781, 741.429155590244591, 575.153204598512843, 445.662929147793022, 344.823059344413025, 266.298397926073051, 205.155858033885437, 157.554630741044036, 120.505049605223633,  91.681065246290885
 741.429155590244591, 506.365868050129961, 344.823059344413025, 233.816893292705515, 157.554630741044036, 105.188538226698171,  69.274671432940949,  44.719385337274758,  28.069971445217174,  17.067201528987393,  10.431265646624146
 445.662929147793022, 266.298397926073051, 157.554630741044036,  91.681065246290885,  51.883386266434023,  28.069971445217174,  14.406398959344434,   8.176102729359716,   7.697624338739621,   9.123924315327972,  10.407657175869243
 266.298397926073051, 137.869929613842828,  69.274671432940949,  32.902038123033876,  14.406398959344434,   7.644146854426268,   8.371611106449622,  10.125470244159903,  11.287053195048694,  11.952483241137738,  12.318911231320026
 157.554630741044036,  69.274671432940949,  28.069971445217174,  10.431265646624146,   7.697624338739621,   9.816514331236522,  11.287053195048694,  12.044497767657235,  12.413302274097722,  12.589714181079922,  12.673511917049892
  91.681065246290885,  32.902038123033876,  10.431265646624146,   8.009798522823994,  10.407657175869243,  11.731923049584891,  12.318911231320026,  12.568614525286655,  12.673511917049892,  12.717375247081963,  12.735683456315124
  51.883386266434023,  14.406398959344434,   7.697624338739621,  10.407657175869243,  11.848754562224652,  12.413302274097722,  12.624808779001404,  12.703099810142286,  12.731965084666996,  12.742592555278968,  12.746503333646197
  28.069971445217174,   7.644146854426268,   9.816514331236522,  11.731923049584891,  12.413302274097722,  12.639342805814987,  12.713196828919740,  12.737221933937638,  12.745026783131486,  12.747561176414321,  12.748384029231584
  14.406398959344434,   8.371611106449622,  11.287053195048694,  12.318911231320026,  12.624808779001404,  12.713196828919740,  12.738579715331838,  12.745856854292567,  12.747942184103401,  12.748539673461948,  12.748710859685309
