2,2.5,3,3.5,4,4.5,5,5.5,6,6.5,7
843.153933721721955,843.153933721721955,843.153933721721955,843.153933721721955,843.153933721721955,843.153933721721955,843.153933721721955,843.153933721721955,843.153933721721955,843.153933721721955,843.153933721721955
508.685375396552672,448.105658997709384,394.645707665011287,347.469131665604493,305.837849898907166,269.100543245303243,236.682465608508068,208.076453327669412,182.834992412710164,160.563219644999975,140.912748248453482
305.837849898907166,236.682465608508068,182.834992412710164,140.912748248453482,108.282511605697650, 82.895263481171355, 63.157769565631192, 47.833048293989130, 35.963683511888711, 26.813548184587543, 19.824894083095167
182.834992412710164,123.576221808238785, 82.895263481171355, 55.009439151964784, 35.963683511888711, 23.077820047056893, 14.588641139588551,  9.434820731908248,  7.017537654162126,  6.581974041848928,  7.025997949724500
108.282511605697650, 63.157769565631192, 35.963683511888711, 19.824894083095167, 10.823939011043604,  7.017537654162126,  6.680307863366250,  7.434956290197063,  8.166318736087351,  8.685054205995971,  9.022301423528011
 63.157769565631192, 31.087344589918118, 14.588641139588551,  7.553963162124288,  6.680307863366250,  7.635093867705931,  8.451850523486083,  8.951814534487784,  9.234196861771887,  9.389149243986704,  9.473118817635459
 35.963683511888711, 14.588641139588551,  7.017537654162126,  7.025997949724500,  8.166318736087351,  8.872716813542880,  9.234196861771887,  9.410313325404053,  9.494622963697616,  9.534689610705078,  9.553668851312766
 19.824894083095167,  7.553963162124288,  7.025997949724500,  8.315963973084127,  9.022301423528011,  9.338180630976213,  9.473118817635459,  9.529905557329377,  9.553668851312766,  9.563590539855442,  9.567729227908767
 10.823939011043604,  6.680307863366250,  8.166318736087351,  9.022301423528011,  9.365222244964505,  9.494622963697616,  9.542642131239383,  9.560362450583916,  9.566888786284625,  9.569290688967085,  9.570174434503283
  7.017537654162126,  7.635093867705931,  8.872716813542880,  9.338180630976213,  9.494622963697616,  9.545933882476195,  9.562645772905118,  9.568076943092327,  9.569840776097909,  9.570413470991692,  9.570599404351524
  6.680307863366250,  8.451850523486083,  9.234196861771887,  9.473118817635459,  9.542642131239383,  9.562645772905118,  9.568383810002052,  9.570028349740214,  9.570499564569774,  9.570634573678925,  9.570673254748229
