2,2.5,3,3.5,4,4.5,5,5.5,6,6.5,7
6602.63116979104052,6602.63116979104052,6602.63116979104052,6602.63116979104052,6602.63116979104052,6602.63116979104052,6602.63116979104052,6602.63116979104052,6602.63116979104052,6602.63116979104052,6602.63116979104052
3997.26023543584506,3525.35582618816989,3108.90558899543794,2741.39402136859690,2417.07128644327940,2130.86325551913023,1878.29212251811123,1655.40634841143401,1458.71883965420034,1285.15239351499667,1131.99155691201258
2417.07128644327940,1878.29212251811123,1458.71883965420034,1131.99155691201258, 877.58376035700667, 679.51283551513404, 525.33616508760247, 405.36977909185458, 312.08056310610635, 239.61398793845794, 183.42790375339854
1458.71883965420034, 996.84014574904745, 679.51283551513404, 461.59180069999633, 312.08056310610635, 209.72672573313804, 140.00963467998557,  93.09472693860872,  62.45336718473230,  43.85986213550903,  34.33241659260811
 877.58376035700667, 525.33616508760247, 312.08056310610635, 183.42790375339854, 106.65863720880610,  62.45336718473230,  39.81370134885438,  31.57733061798300,  30.67219054221741,  31.89171980758987,  33.22649554047997
 525.33616508760247, 273.55541441875306, 140.00963467998557,  71.15703269787943,  39.81370134885438,  30.92822332778526,  31.19953069158316,  32.91895195780962,  34.22965805110921,  35.02981556917315,  35.48424903301609
 312.08056310610635, 140.00963467998557,  62.45336718473230,  34.33241659260811,  30.67219054221741,  32.59092811856704,  34.22965805110921,  35.14303748511666,  35.60282215231552,  35.82604488876831,  35.93280480466758
 183.42790375339854,  71.15703269787943,  34.33241659260811,  30.90036780882618,  33.22649554047997,  34.76091954991031,  35.48424903301609,  35.79923678156052,  35.93280480466758,  35.98887170854176,  36.01231080398072
 106.65863720880610,  39.81370134885438,  30.67219054221741,  33.22649554047997,  34.90291169068031,  35.60282215231552,  35.87069963787158,  35.97061075931715,  36.00754858737955,  36.02116186113905,  36.02617322963226
  62.45336718473230,  30.92822332778526,  32.59092811856704,  34.76091954991031,  35.60282215231552,  35.88921674400224,  35.98352535275493,  36.01428143635482,  36.02428102417311,  36.02752894665152,  36.02858355406546
  39.81370134885438,  31.19953069158316,  34.22965805110921,  35.48424903301609,  35.87069963787158,  35.98352535275493,  36.01602074345399,  36.02534474626331,  36.02801725880039,  36.02878304008825,  36.02900244778510
