2,2.5,3,3.5,4,4.5,5,5.5,6,6.5,7
4642.94857563908226,4642.94857563908226,4642.94857563908226,4642.94857563908226,4642.94857563908226,4642.94857563908226,4642.94857563908226,4642.94857563908226,4642.94857563908226,4642.94857563908226,4642.94857563908226
2810.85984511230663,2479.01448883259491,2186.16278994848562,1927.72298143025068,1699.65168307233967,1498.38064153415280,1320.76090395695542,1164.01355174736591,1025.68622375826794, 903.61474868079415, 795.88928640385416
1699.65168307233967,1320.76090395695542,1025.68622375826794, 795.88928640385416, 616.93293148164219, 477.57419162403369, 369.05798942694167, 284.56717463762311, 218.79437646372330, 167.60882107322107, 127.79727249513293
1025.68622375826794, 700.82444865187631, 477.57419162403369, 324.17219309340135, 218.79437646372330, 146.45211698923998,  96.86299301757187,  62.99600578228002,  40.09205439041362,  25.03860119538108,  16.01567399253235
 616.93293148164219, 369.05798942694167, 218.79437646372330, 127.79727249513293,  72.87042295229220,  40.09205439041362,  21.41844999408466,  12.87284348028828,  11.68167174684016,  13.16614295108928,  14.69066148155322
 369.05798942694167, 191.59791991681269,  96.86299301757187,  46.72978305775339,  21.41844999408466,  12.05128576658061,  12.33376099360568,  14.34787236034253,  15.77867684379480,  16.61769477022986,  17.08431803367136
 218.79437646372330,  96.86299301757187,  40.09205439041362,  16.01567399253235,  11.68167174684016,  13.97692874291592,  15.77867684379480,  16.73458697220613,  17.20498754443276,  17.43099408596325,  17.53856194142936
 127.79727249513293,  46.72978305775339,  16.01567399253235,  11.96483060088361,  14.69066148155322,  16.33832413629576,  17.08431803367136,  17.40393048179254,  17.53856194142936,  17.59492040784621,  17.61845457533628
  72.87042295229220,  21.41844999408466,  11.68167174684016,  14.69066148155322,  16.48616019839356,  17.20498754443276,  17.47602736457610,  17.57657445466890,  17.61367431720713,  17.62733744079209,  17.63236582600889
  40.09205439041362,  12.05128576658061,  13.97692874291592,  16.33832413629576,  17.20498754443276,  17.49468427406577,  17.58955015810137,  17.62043248352094,  17.63046727962100,  17.63372602327982,  17.63478407958452
  21.41844999408466,  12.33376099360568,  15.77867684379480,  17.08431803367136,  17.47602736457610,  17.58955015810137,  17.62217812004899,  17.63153457891014,  17.63421593630614,  17.63498421441778,  17.63520433440708
