2,2.5,3,3.5,4,4.5,5,5.5,6,6.5,7
957.649687390094641,957.649687390094641,957.649687390094641,957.649687390094641,957.649687390094641,957.649687390094641,957.649687390094641,957.649687390094641,957.649687390094641,957.649687390094641,957.649687390094641
578.173516336904299,509.441023603119618,448.785981072583354,395.259426117580858,348.023925899943265,306.340476048181131,269.556939468261930,237.097844467119643,208.455382653919429,183.181465880652553,160.880718087325135
348.023925899943265,269.556939468261930,208.455382653919429,160.880718087325135,123.844418336754217, 95.020327997521676, 72.598731566006592, 55.173033947494389, 41.652075778255515, 31.192841060323619, 23.149810330763771
208.455382653919429,141.204292591015644, 95.020327997521676, 63.336108388948581, 41.652075778255515, 26.903016578466129, 17.038504781232010, 10.766054176264188,  7.374631125675103,  6.297638941509538,  6.523642877593240
123.844418336754217, 72.598731566006592, 41.652075778255515, 23.149810330763771, 12.511226019626603,  7.374631125675103,  6.285321307323317,  6.913601207393469,  7.694052971155004,  8.273871406352500,  8.656483701901337
 72.598731566006592, 36.084224749337238, 17.038504781232010,  8.214001118337926,  6.285321307323317,  7.120301194509080,  8.011589764317382,  8.576250163623467,  8.898362598534002,  9.075792404453045,  9.172106698986614
 41.652075778255515, 17.038504781232010,  7.374631125675103,  6.523642877593240,  7.694052971155004,  8.486369847406515,  8.898362598534002,  9.100057741782379,  9.196789069189235,  9.242794711523475,  9.264594835065644
 23.149810330763771,  8.214001118337926,  6.523642877593240,  7.859899244094445,  8.656483701901337,  9.017384727932438,  9.172106698986614,  9.237300368485908,  9.264594835065644,  9.275993085685206,  9.280748081429165
 12.511226019626603,  6.285321307323317,  7.694052971155004,  8.656483701901337,  9.048367877102354,  9.196789069189235,  9.251928628179781,  9.272284444862271,  9.279782468390747,  9.282542123538981,  9.283557517822381
  7.374631125675103,  7.120301194509080,  8.486369847406515,  9.017384727932438,  9.196789069189235,  9.255709637631085,  9.274907661278737,  9.281147586362454,  9.283174154199335,  9.283832164554514,  9.284045797680417
  6.285321307323317,  8.011589764317382,  8.898362598534002,  9.172106698986614,  9.251928628179781,  9.274907661278737,  9.281500160263359,  9.283389670579549,  9.283931084026815,  9.284086206473841,  9.284130650200977
