2,2.5,3,3.5,4,4.5,5,5.5,6,6.5,7
3415.758602829464508,3415.758602829464508,3415.758602829464508,3415.758602829464508,3415.758602829464508,3415.758602829464508,3415.758602829464508,3415.758602829464508,3415.758602829464508,3415.758602829464508,3415.758602829464508
2067.766846452246682,1823.605046844722665,1608.133226643022454,1417.980253124109140,1250.171116080528463,1102.080382772492612, 971.391122156947745, 856.058655752528466, 754.278568014954658, 664.458475740587801, 585.193114829333581
1250.171116080528463, 971.391122156947745, 754.278568014954658, 585.193114829333581, 453.511795995749367, 350.961624730749747, 271.099847834230900, 208.909196370865743, 160.482712520865732, 122.778366691274371,  93.428077909891954
 754.278568014954658, 515.242354642183500, 350.961624730749747, 238.062664545691518, 160.482712520865732, 107.184951636425623,  70.589198404670327,  45.496053209440355,  28.354813628927488,  16.783532168863314,   9.325498124775198
 453.511795995749367, 271.099847834230900, 160.482712520865732,  93.428077909891954,  52.829257176435128,  28.354813628927488,  13.886145472235983,   6.374913408400142,   5.359008442982946,   7.145673238879351,   8.688523090658922
 271.099847834230900, 140.452150402156178,  70.589198404670327,  33.352302779974636,  13.886145472235983,   5.542843520168491,   6.207330579823476,   8.355016807546976,   9.711331718218741,  10.471390140748342,  10.885687252724358
 160.482712520865732,  70.589198404670327,  28.354813628927488,   9.325498124775198,   5.359008442982946,   7.986461796309232,   9.711331718218741,  10.575688494441030,  10.991970676062389,  11.190154216388208,  11.284092699854169
  93.428077909891954,  33.352302779974636,   9.325498124775198,   5.749130789110160,   8.688523090658922,  10.220626315538510,  10.885687252724358,  11.166481069677802,  11.284092699854169,  11.333213878797373,  11.353706588046999
  52.829257176435128,  13.886145472235983,   5.359008442982946,   8.688523090658922,  10.353592696109304,  10.991970676062389,  11.229511236671538,  11.317231013943616,  11.349545025703732,  11.361438532959870,  11.365814697640468
  28.354813628927488,   5.542843520168491,   7.986461796309232,  10.220626315538510,  10.991970676062389,  11.245803951229535,  11.328536070312332,  11.355428364815761,  11.364162467768615,  11.366998378574202,  11.367919102204084
  13.886145472235983,   6.207330579823476,   9.711331718218741,  10.885687252724358,  11.229511236671538,  11.328536070312332,  11.356947882046111,  11.365091305154699,  11.367424705117564,  11.368093257555847,  11.368284802854527
