2,2.5,3,3.5,4,4.5,5,5.5,6,6.5,7
272.991375701492132,272.991375701492132,272.991375701492132,272.991375701492132,272.991375701492132,272.991375701492132,272.991375701492132,272.991375701492132,272.991375701492132,272.991375701492132,272.991375701492132
162.243715253809739,142.201033017725877,124.522965167807911,108.933187715841854, 95.188128527009511, 83.073182434026336, 72.399388269580641, 63.000518795840101, 54.730541877611643, 47.461418065488935, 41.081205885021568
 95.188128527009511, 72.399388269580641, 54.730541877611643, 41.081205885021568, 30.610837413421379, 22.690978727417487, 16.871602643959655, 12.849627182747929, 10.405086437820772,  9.272515064905495,  9.053082689918673
 54.730541877611643, 35.492450990817190, 22.690978727417487, 14.650430301098217, 10.405086437820772,  9.076864845159827,  9.322814366782108, 10.028139689396459, 10.720178224930635, 11.275735305042859, 11.689808281263689
 30.610837413421379, 16.871602643959655, 10.405086437820772,  9.053082689918673,  9.781658475763924, 10.720178224930635, 11.428442725995358, 11.899647993388186, 12.198868313910930, 12.384906668841648, 12.499338497899020
 16.871602643959655,  9.696906096276022,  9.322814366782108, 10.502408180798422, 11.428442725995358, 11.987994540867147, 12.303045708031192, 12.475755676536489, 12.569313930632465, 12.619702986642139, 12.646762181740904
 10.405086437820772,  9.322814366782108, 10.720178224930635, 11.689808281263689, 12.198868313910930, 12.449092436853928, 12.569313930632465, 12.626538790295060, 12.653665662971459, 12.666500693813406, 12.672568247036915
  9.053082689918673, 10.502408180798422, 11.689808281263689, 12.254076151287792, 12.499338497899020, 12.603195820543213, 12.646762181740904, 12.664970022520151, 12.672568247036915, 12.675737056924804, 12.677058256235231
  9.781658475763924, 11.428442725995358, 12.198868313910930, 12.499338497899020, 12.611961732034265, 12.653665662971459, 12.669044020019744, 12.674706294899460, 12.676789990470439, 12.677556628636307, 12.677838671152825
 10.720178224930635, 11.987994540867147, 12.449092436853928, 12.603195820543213, 12.653665662971459, 12.670096365328687, 12.675435406254328, 12.677169241187475, 12.677732187868044, 12.677914955470515, 12.677974292011031
 11.428442725995358, 12.303045708031192, 12.569313930632465, 12.646762181740904, 12.669044020019744, 12.675435406254328, 12.677267185901071, 12.677792050154361, 12.677942430433120, 12.677985515445176, 12.677997859535781
