2,2.5,3,3.5,4,4.5,5,5.5,6,6.5,7
7.085071061550164,7.085071061550164,7.085071061550164,7.085071061550164,7.085071061550164,7.085071061550164,7.085071061550164,7.085071061550164,7.085071061550164,7.085071061550164,7.085071061550164
6.688753845288620,6.684776139405949,6.699077176650515,6.725486850288615,6.759409582365425,6.797492113201545,6.837338586758709,6.877277613120086,6.916177870481762,6.953305365515857,6.988214697492308
6.759409582365425,6.837338586758709,6.916177870481762,6.988214697492308,7.050569948668350,7.102824006447684,7.145708901561663,7.180411471759681,7.208217031395491,7.230339064760186,7.247848354814872
6.916177870481762,7.020667208291165,7.102824006447684,7.164002313630355,7.208217031395491,7.239609699990636,7.261653561422555,7.277023049193500,7.287689087358361,7.295068055928838,7.300162291840972
7.050569948668350,7.145708901561663,7.208217031395491,7.247848354814872,7.272506950216798,7.287689087358361,7.296980077487722,7.302645593858727,7.306093002063905,7.308188037599939,7.309460239244276
7.145708901561663,7.219917822510769,7.261653561422555,7.284559146703759,7.296980077487722,7.303674228334402,7.307270403214976,7.309199030733591,7.310232419450010,7.310785858638395,7.311082180956278
7.208217031395491,7.261653561422555,7.287689087358361,7.300162291840972,7.306093002063905,7.308903100286425,7.310232419450010,7.310860774105172,7.311157683463823,7.311297954850278,7.311364219121973
7.247848354814872,7.284559146703759,7.300162291840972,7.306718327509071,7.309460239244276,7.310604791068359,7.311082180956278,7.311281233524793,7.311364219121973,7.311398814080328,7.311413235650375
7.272506950216798,7.296980077487722,7.306093002063905,7.309460239244276,7.310700973015864,7.311157683463823,7.311325734379590,7.311387561800093,7.311410307506007,7.311418675274127,7.311421753616240
7.287689087358361,7.303674228334402,7.308903100286425,7.310604791068359,7.311157683463823,7.311337227102194,7.311395521209725,7.311414447043821,7.311420591416125,7.311422586207400,7.311423233821905
7.296980077487722,7.307270403214976,7.310232419450010,7.311082180956278,7.311325734379590,7.311395521209725,7.311415516095632,7.311421244777603,7.311422886076675,7.311423356317077,7.311423491043236
