2,2.5,3,3.5,4,4.5,5,5.5,6,6.5,7
490.28648467172701,490.28648467172701,490.28648467172701,490.28648467172701,490.28648467172701,490.28648467172701,490.28648467172701,490.28648467172701,490.28648467172701,490.28648467172701,490.28648467172701
291.37439370585474,255.36596967863693,223.60014718687799,195.58025050604482,170.86830939636513,149.07824014481517,129.86985029570448,112.94357783772804, 98.03588893944560, 84.91527116789156, 73.37877185912113
170.86830939636513,129.86985029570448, 98.03588893944560, 73.37877185912113, 54.37187602292256, 39.86248977645528, 29.01468390025163, 21.27528394939012, 16.32125606580501, 13.86402571151518, 13.32060232336877
 98.03588893944560, 63.24904416720216, 39.86248977645528, 24.78083804306279, 16.32125606580501, 13.40433962561952, 13.85675776041123, 15.31214939589126, 16.72386820424771, 17.84242081815990, 18.66832818774844
 54.37187602292256, 29.01468390025163, 16.32125606580501, 13.32060232336877, 14.80452498189321, 16.72386820424771, 18.14774314890894, 19.08455734282964, 19.67558047564637, 20.04164824886356, 20.26630970090818
 29.01468390025163, 14.80723217667954, 13.85675776041123, 16.28188180868157, 18.14774314890894, 19.25935832550621, 19.88069798057778, 20.22004089151078, 20.40350672722287, 20.50221691378680, 20.55519583806620
 16.32125606580501, 13.85675776041123, 16.72386820424771, 18.66832818774844, 19.67558047564637, 20.16770922356624, 20.40350672722287, 20.51560256716404, 20.56870887455511, 20.59382900027165, 20.60570256786146
 13.32060232336877, 16.28188180868157, 18.66832818774844, 19.78432147139009, 20.26630970090818, 20.46988778378563, 20.55519583806620, 20.59083347790427, 20.60570256786146, 20.61190319888803, 20.61448840084947
 14.80452498189321, 18.14774314890894, 19.67558047564637, 20.26630970090818, 20.48705667764165, 20.56870887455511, 20.59880614606722, 20.60988626504338, 20.61396348678291, 20.61546355803851, 20.61601542305864
 16.72386820424771, 19.25935832550621, 20.16770922356624, 20.46988778378563, 20.56870887455511, 20.60086547482967, 20.61131294978533, 20.61470556388931, 20.61580707032837, 20.61616468616321, 20.61628078798032
 18.14774314890894, 19.88069798057778, 20.40350672722287, 20.55519583806620, 20.59880614606722, 20.61131294978533, 20.61489721095866, 20.61592420115189, 20.61621844551221, 20.61630274848641, 20.61632690173834
