2,2.5,3,3.5,4,4.5,5,5.5,6,6.5,7
4271.16808804384618,4271.16808804384618,4271.16808804384618,4271.16808804384618,4271.16808804384618,4271.16808804384618,4271.16808804384618,4271.16808804384618,4271.16808804384618,4271.16808804384618,4271.16808804384618
2585.12176326454619,2279.72890258252119,2010.22133393784770,1772.38251747073991,1562.49138275996370,1377.26411151163848,1213.80276125978639,1069.54992629214621, 942.24872647361190, 829.90749800221886, 730.76863370355193
1562.49138275996370,1213.80276125978639, 942.24872647361190, 730.76863370355193, 566.07609820334449, 437.82429125512891, 337.95593813316304, 260.19719645926665, 199.66364576635860, 152.55368722125925, 115.91019264862926
 942.24872647361190, 643.28108540052062, 437.82429125512891, 296.64673893941989, 199.66364576635860, 133.08083242509124,  87.43562859996311,  56.25964438887932,  35.18335845479344,  21.38410958357935,  13.33273782801415
 566.07609820334449, 337.95593813316304, 199.66364576635860, 115.91019264862926,  65.34944765487049,  35.18335845479344,  18.10239781992215,  10.83968814475387,  10.75948972339888,  12.68779857511322,  14.33259728612025
 337.95593813316304, 174.63293347420355,  87.43562859996311,  41.28873302692762,  18.10239781992215,  10.34586586932306,  11.69980833283873,  13.97330855048027,  15.44799798200435,  16.28937854382286,  16.75213402620686
 199.66364576635860,  87.43562859996311,  35.18335845479344,  13.33273782801415,  10.75948972339888,  13.57879017425477,  15.44799798200435,  16.40561200225607,  16.87129241073854,  17.09395106949332,  17.19969931267890
 115.91019264862926,  41.28873302692762,  13.33273782801415,  11.20760909757138,  14.33259728612025,  16.01066878695432,  16.75213402620686,  17.06732277038610,  17.19969931267890,  17.25504845668825,  17.27814997398454
  65.34944765487049,  18.10239781992215,  10.75948972339888,  14.33259728612025,  16.15832021917875,  16.87129241073854,  17.13823983194623,  17.23703522380137,  17.27345812468359,  17.28686784083875,  17.29180241350866
  35.18335845479344,  10.34586586932306,  13.57879017425477,  16.01066878695432,  16.87129241073854,  17.15658097768543,  17.24977601509531,  17.28009122293364,  17.28993932237348,  17.29313718319445,  17.29417544516337
  18.10239781992215,  11.69980833283873,  15.44799798200435,  16.75213402620686,  17.13823983194623,  17.24977601509531,  17.28180446700702,  17.29098669510506,  17.29361793245674,  17.29437183435834,  17.29458783413406
