2,2.5,3,3.5,4,4.5,5,5.5,6,6.5,7
3392.78936093227412,3392.78936093227412,3392.78936093227412,3392.78936093227412,3392.78936093227412,3392.78936093227412,3392.78936093227412,3392.78936093227412,3392.78936093227412,3392.78936093227412,3392.78936093227412
2050.04292858867439,1806.83299336724986,1592.20215596799767,1402.79244648256304,1235.64049023086727,1088.13114521660964, 957.95658796013777, 843.08020763995273, 741.70474371758064, 652.24416863266197, 573.29887577702675
1235.64049023086727, 957.95658796013777, 741.70474371758064, 573.29887577702675, 442.15902126020580, 340.04673667350079, 260.54768375806475, 198.66895852347236, 150.52599318164692, 113.09962229396263,  84.04861170527884
 741.70474371758064, 503.63378470840223, 340.04673667350079, 227.67139331049907, 150.52599318164692,  97.65121328877817,  61.56713249004218,  37.25847358768824,  21.62268858729321,  13.40963340049080,  12.04373889493307
 442.15902126020580, 260.54768375806475, 150.52599318164692,  84.04861170527884,  44.28117566319681,  21.62268858729321,  12.29562052674179,  13.27085925095282,  16.46208304279449,  18.91806461088116,  20.52781012800700
 260.54768375806475, 130.63357989986588,  61.56713249004218,  25.98789905528138,  12.29562052674179,  14.07636730208335,  17.80793900120063,  20.19141985485391,  21.53776819876683,  22.27452523983073,  22.67299025760337
 150.52599318164692,  61.56713249004218,  21.62268858729321,  12.04373889493307,  16.46208304279449,  19.81380982837977,  21.53776819876683,  22.37501157862928,  22.77493827965524,  22.96477942455490,  23.05465523291600
  84.04861170527884,  25.98789905528138,  12.04373889493307,  17.16476090223157,  20.52781012800700,  22.03238116061010,  22.67299025760337,  22.94211948915734,  23.05465523291600,  23.10162611760898,  23.12121666993694
  44.28117566319681,  12.29562052674179,  16.46208304279449,  20.52781012800700,  22.16087717699690,  22.77493827965524,  23.00244240477437,  23.08634480849086,  23.11723855224928,  23.12860746378043,  23.13279035751485
  21.62268858729321,  14.07636730208335,  19.81380982837977,  22.03238116061010,  22.77493827965524,  23.01803039592430,  23.09715382607360,  23.12286251410385,  23.13121111312445,  23.13392173895951,  23.13480177482437
  12.29562052674179,  17.80793900120063,  21.53776819876683,  22.67299025760337,  23.00244240477437,  23.09715382607360,  23.12431500143393,  23.13209892244946,  23.13432922640649,  23.13496823340313,  23.13515131313953
