2,2.5,3,3.5,4,4.5,5,5.5,6,6.5,7
6984.190028446234464,6984.190028446234464,6984.190028446234464,6984.190028446234464,6984.190028446234464,6984.190028446234464,6984.190028446234464,6984.190028446234464,6984.190028446234464,6984.190028446234464,6984.190028446234464
4228.683481126205152,3729.578298758784058,3289.119859939730759,2900.417036526300308,2557.388435610648230,2254.667254030081040,1987.517312907097676,1751.758958555434447,1543.703670452872757,1360.096353209021117,1198.064409678165248
2557.388435610648230,1987.517312907097676,1543.703670452872757,1198.064409678165248, 928.884372702346695, 719.252073352880757, 555.997233015610050, 428.863377009794817, 329.863520248633279, 252.778483523708445, 192.766362053326560
1543.703670452872757,1055.072798464744210, 719.252073352880757, 488.461069432417275, 329.863520248633279, 220.895938545988031, 146.058691182922331,  94.714372676706375,  59.584653202009584,  35.747706154270709,  20.060700388076537
 928.884372702346695, 555.997233015610050, 329.863520248633279, 192.766362053326560, 109.724387643904691,  59.584653202009584,  29.721343590681737,  13.371976078148762,   9.347330087789423,  12.469214383981331,  15.564367273358146
 555.997233015610050, 288.912615849446468, 146.058691182922331,  69.837041320583538,  29.721343590681737,  11.177759696940781,  10.685460038200395,  14.887613294772018,  17.652202371499474,  19.210566597394202,  20.061332124702552
 329.863520248633279, 146.058691182922331,  59.584653202009584,  20.060700388076537,   9.347330087789423,  14.143413011729193,  17.652202371499474,  19.424676938727945,  20.279690196076057,  20.686947147194431,  20.880022642000338
 192.766362053326560,  69.837041320583538,  20.060700388076537,   9.896503870305011,  15.564367273358146,  18.696007802358867,  20.061332124702552,  20.638294320137142,  20.880022642000338,  20.980991814880039,  21.023116456316213
 109.724387643904691,  29.721343590681737,   9.347330087789423,  15.564367273358146,  18.968808172229078,  20.279690196076057,  20.767836521950283,  20.948138231571278,  21.014561907502710,  21.039010421024571,  21.048006224825983
  59.584653202009584,  11.177759696940781,  14.143413011729193,  18.696007802358867,  20.279690196076057,  20.801323620082989,  20.971376283723913,  21.026655768979730,  21.044609835858740,  21.050439449782328,  21.052332130628262
  29.721343590681737,  10.685460038200395,  17.652202371499474,  20.061332124702552,  20.767836521950283,  20.971376283723913,  21.029779319072276,  21.046519189928478,  21.051315825541227,  21.052690132400262,  21.053083881825842
