2,2.5,3,3.5,4,4.5,5,5.5,6,6.5,7
1897.012164626199819,1897.012164626199819,1897.012164626199819,1897.012164626199819,1897.012164626199819,1897.012164626199819,1897.012164626199819,1897.012164626199819,1897.012164626199819,1897.012164626199819,1897.012164626199819
1147.218349242405793,1011.409459263010945, 891.559353449419177, 785.792937433980001, 692.455462099040460, 610.086634705480606, 537.397772439671598, 473.251640962046906, 416.644662555858019, 366.691215558002057, 322.609779486108607
 692.455462099040460, 537.397772439671598, 416.644662555858019, 322.609779486108607, 249.385446711829161, 192.371557306030041, 147.986653162936591, 113.443066899984927,  86.572051939325704,  65.688013407681908,  49.483500300612739
 416.644662555858019, 283.710709170691814, 192.371557306030041, 129.632988748292888,  86.572051939325704,  57.070107198338917,  36.948729892265497,  23.391714810638604,  14.584427887829511,   9.508769030967917,   7.562352767151856
 249.385446711829161, 147.986653162936591,  86.572051939325704,  49.483500300612739,  27.311282382038900,  14.584427887829511,   8.548425560576048,   7.482771946788155,   8.396487207395952,   9.404824368248502,  10.134282962319356
 147.986653162936591,  75.471188762724680,  36.948729892265497,  17.069834081090079,   8.548425560576048,   7.639246102192982,   8.929820138283823,   9.978527695080205,  10.610692912337202,  10.965482850731881,  11.159588118351511
  86.572051939325704,  36.948729892265497,  14.584427887829511,   7.562352767151856,   8.396487207395952,   9.805642589887443,  10.610692912337202,  11.014293461849066,  11.209482393409631,  11.302634040859108,  11.346841708000179
  49.483500300612739,  17.069834081090079,   7.562352767151856,   8.668210609204504,  10.134282962319356,  10.848265035375034,  11.159588118351511,  11.291498951822096,  11.346841708000179,  11.369972400522084,  11.379625122222418
  27.311282382038900,   8.548425560576048,   8.396487207395952,  10.134282962319356,  10.910396038236748,  11.209482393409631,  11.321151247002163,  11.362445147715329,  11.377664754477639,  11.383267561434479,  11.385329235749655
  14.584427887829511,   7.639246102192982,   9.805642589887443,  10.848265035375034,  11.209482393409631,  11.328818666485517,  11.367769243132575,  11.380436212270920,  11.384550837205259,  11.385886898391794,  11.386320679029792
   8.548425560576048,   8.929820138283823,  10.610692912337202,  11.159588118351511,  11.321151247002163,  11.367769243132575,  11.381152032501470,  11.384988429702535,  11.386087753237229,  11.386402729252962,  11.386492972586524
