2,2.5,3,3.5,4,4.5,5,5.5,6,6.5,7
47.54801598372152,47.54801598372152,47.54801598372152,47.54801598372152,47.54801598372152,47.54801598372152,47.54801598372152,47.54801598372152,47.54801598372152,47.54801598372152,47.54801598372152
34.19219631247601,33.37604113628376,33.19069371451788,33.45185305717508,34.00617579205473,34.73585976412448,35.55573676440727,36.40710601482981,37.25119076716778,38.06353057435937,38.82964124441600
34.00617579205473,35.55573676440727,37.25119076716778,38.82964124441600,40.19696439930616,41.33716718927287,42.26710091850910,43.01509765199951,43.61129696181434,44.08355967795722,44.45601901034173
37.25119076716778,39.54183539038942,41.33716718927287,42.66193431690387,43.61129696181434,44.28091312818930,44.74884555750296,45.07397505120198,45.29906046177401,45.45451603036916,45.56171262339063
40.19696439930616,42.26710091850910,43.61129696181434,44.45601901034173,44.97853676549362,45.29906046177401,45.49476220695893,45.61393081920810,45.68638149150961,45.73038772211488,45.75710183543958
42.26710091850910,43.86131822239404,44.74884555750296,45.23305583612584,45.49476220695893,45.63555351130933,45.71111494838156,45.75161741553954,45.77331320395506,45.78493080803231,45.79115060461066
43.61129696181434,44.74884555750296,45.29906046177401,45.56171262339063,45.68638149150961,45.74540363570658,45.77331320395506,45.78650331431107,45.79273534434108,45.79567947317871,45.79707025395820
44.45601901034173,45.23305583612584,45.56171262339063,45.69951827600340,45.75710183543958,45.78113003383955,45.79115060461066,45.79532851662632,45.79707025395820,45.79779633973027,45.79809902107021
44.97853676549362,45.49476220695893,45.68638149150961,45.75710183543958,45.78314899722293,45.79273534434108,45.79626252306149,45.79756017518606,45.79803756495301,45.79821318821793,45.79827779659382
45.29906046177401,45.63555351130933,45.74540363570658,45.78113003383955,45.79273534434108,45.79650373685745,45.79772722852042,45.79812444587824,45.79825340429253,45.79829527104624,45.79830886320023
45.49476220695893,45.71111494838156,45.77331320395506,45.79115060461066,45.79626252306149,45.79772722852042,45.79814688320555,45.79826711706934,45.79830156471238,45.79831143413263,45.79831426176931
