2,2.5,3,3.5,4,4.5,5,5.5,6,6.5,7
5663.448371519836655,5663.448371519836655,5663.448371519836655,5663.448371519836655,5663.448371519836655,5663.448371519836655,5663.448371519836655,5663.448371519836655,5663.448371519836655,5663.448371519836655,5663.448371519836655
3426.989867714313277,3021.900217868128038,2664.410298234058246,2348.927053242484817,2070.514637082407262,1824.817190753205978,1607.990693250350432,1416.642820682920956,1247.779872411007318,1098.759933861373611, 967.251543260583389
2070.514637082407262,1607.990693250350432,1247.779872411007318, 967.251543260583389, 748.781253497203693, 578.643473908913506, 446.149312595799756, 342.975037403320073, 262.639243010717053, 200.095859091553137, 151.417518022221628
1247.779872411007318, 851.197215643242430, 578.643473908913506, 391.340190633477846, 262.639243010717053, 174.232456525206430, 113.549574626068917,  71.977686238660240,  43.660486686932089,  24.755628013703930,  13.267865389863630
 748.781253497203693, 446.149312595799756, 262.639243010717053, 151.417518022221628,  84.119735688653137,  43.660486686932089,  20.137267122561159,   9.835814267985048,  11.433987136364118,  15.256279989560081,  18.016010723003482
 446.149312595799756, 229.411993495331075, 113.549574626068917,  51.900326754530703,  20.137267122561159,   9.455023116405807,  13.435922639585467,  17.432329092829335,  19.780954955659571,  21.075825634105154,  21.777559852050349
 262.639243010717053, 113.549574626068917,  43.660486686932089,  13.267865389863630,  11.433987136364118,  16.780699072292506,  19.780954955659571,  21.252720578393408,  21.957204757965691,  22.291814387190961,  22.450260327181404
 151.417518022221628,  51.900326754530703,  13.267865389863630,  12.440466307077196,  18.016010723003482,  20.649800380172838,  21.777559852050349,  22.251869280147709,  22.450260327181404,  22.533074450119042,  22.567615776676227
  84.119735688653137,  20.137267122561159,  11.433987136364118,  18.016010723003482,  20.875829132981032,  21.957204757965691,  22.358209784146915,  22.506131551362042,  22.560601647987362,  22.580647141206551,  22.588022418661218
  43.660486686932089,   9.455023116405807,  16.780699072292506,  20.649800380172838,  21.957204757965691,  22.385690563462141,  22.525189180297446,  22.570517701494104,  22.585237891336938,  22.590017275920520,  22.591568961106336
  20.137267122561159,  13.435922639585467,  19.780954955659571,  21.777559852050349,  22.358209784146915,  22.525189180297446,  22.573078707121656,  22.586803278188778,  22.590735760359653,  22.591862462162123,  22.592185269832264
