2,2.5,3,3.5,4,4.5,5,5.5,6,6.5,7
5651.575835013324649,5651.575835013324649,5651.575835013324649,5651.575835013324649,5651.575835013324649,5651.575835013324649,5651.575835013324649,5651.575835013324649,5651.575835013324649,5651.575835013324649,5651.575835013324649
3422.278140619412170,3018.485036274003960,2662.139046153070467,2347.665010877735767,2070.142872801251087,1825.230699988172319,1609.096755184931226,1418.359546979375409,1250.034925231851958,1101.489393071627546, 970.398905014231218
2070.142872801251087,1609.096755184931226,1250.034925231851958, 970.398905014231218, 752.620246619924274, 583.016778936736728, 450.933018383361173, 348.070741788776388, 267.967669145651996, 205.591513629237539, 157.023913185157085
1250.034925231851958, 854.712506589518966, 583.016778936736728, 396.290865490688702, 267.967669145651996, 179.790161832427742, 119.214422996224528,  77.626571925009898,  49.121890284881140,  29.679608157492247,  16.647443923120392
 752.620246619924274, 450.933018383361173, 267.967669145651996, 157.023913185157085,  89.789188742561635,  49.121890284881140,  24.720360752135853,  10.762667731427054,   5.941183052551517,   8.205422199945016,  10.794020909808127
 450.933018383361173, 234.831548725269045, 119.214422996224528,  57.449810677835075,  24.720360752135853,   8.625463005113687,   6.766764679948134,  10.226633036645257,  12.541415871979655,  13.841251300747238,  14.549188617562468
 267.967669145651996, 119.214422996224528,  49.121890284881140,  16.647443923120392,   5.941183052551517,   9.602758702934635,  12.541415871979655,  14.019526748655521,  14.730701959938079,  15.069042554474599,  15.229357294460666
 157.023913185157085,  57.449810677835075,  16.647443923120392,   6.202224896868552,  10.794020909808127,  13.412503321787444,  14.549188617562468,  15.028636171250341,  15.229357294460666,  15.313171899195673,  15.348135117140357
  89.789188742561635,  24.720360752135853,   5.941183052551517,  10.794020909808127,  13.639864532992300,  14.730701959938079,  15.136213585604580,  15.285901777531773,  15.341035102283469,  15.361326335682181,  15.368792250059673
  49.121890284881140,   8.625463005113687,   9.602758702934635,  13.412503321787444,  14.730701959938079,  15.164018583549664,  15.305190692382059,  15.351072607087767,  15.365973488867374,  15.370811643159680,  15.372382419383360
  24.720360752135853,   6.766764679948134,  12.541415871979655,  14.549188617562468,  15.136213585604580,  15.305190692382059,  15.353665015078819,  15.367558118996401,  15.371538966762367,  15.372679532097884,  15.373006312274615
