2,2.5,3,3.5,4,4.5,5,5.5,6,6.5,7
3945.198714889212170,3945.198714889212170,3945.198714889212170,3945.198714889212170,3945.198714889212170,3945.198714889212170,3945.198714889212170,3945.198714889212170,3945.198714889212170,3945.198714889212170,3945.198714889212170
2387.379972797227310,2105.212209669552976,1856.200281071967765,1636.448307572095928,1442.518192358506440,1271.375831056616562,1120.343642168679708, 987.058675465379110, 869.435642927366416, 765.634293852494466, 674.030623713664113
1442.518192358506440,1120.343642168679708, 869.435642927366416, 674.030623713664113, 521.852071907720983, 403.339258356742164, 311.046593476225041, 239.175884816803205, 183.212122136161582, 139.639931863724144, 105.722935209264051
 869.435642927366416, 593.191466336837493, 403.339258356742164, 272.867088807957941, 183.212122136161582, 121.620103624912403,  79.332249381521478,  50.343391638518490,  30.561157039518079,  17.274364005636855,   8.997013678409836
 521.852071907720983, 311.046593476225041, 183.212122136161582, 105.722935209264051,  58.813583373431619,  30.561157039518079,  13.990451915017365,   6.307812119585469,   7.249898789246704,   9.990124569118445,  11.957646092993100
 311.046593476225041, 160.064140950141393,  79.332249381521478,  36.324206175182368,  13.990451915017365,   5.925651776515305,   8.686142011886837,  11.542416240650375,  13.210675758059800,  14.127839730181471,  14.624226873569334
 183.212122136161582,  79.332249381521478,  30.561157039518079,   8.997013678409836,   7.249898789246704,  11.078301038761531,  13.210675758059800,  14.253011294440677,  14.751234488051656,  14.987730228864898,  15.099685471885669
 105.722935209264051,  36.324206175182368,   8.997013678409836,   7.971564813251259,  11.957646092993100,  13.826264146648196,  14.624226873569334,  14.959502541656411,  15.099685471885669,  15.158192695382713,  15.182594168749047
  58.813583373431619,  13.990451915017365,   7.249898789246704,  11.957646092993100,  13.986286956558738,  14.751234488051656,  15.034646518202054,  15.139158434409232,  15.177639162401158,  15.191799843283230,  15.197009861502025
  30.561157039518079,   5.925651776515305,  11.078301038761531,  13.826264146648196,  14.751234488051656,  15.054063953570196,  15.152622073162703,  15.184644170751717,  15.195042830186509,  15.198419054518387,  15.199515182917548
  13.990451915017365,   8.686142011886837,  13.210675758059800,  14.624226873569334,  15.034646518202054,  15.152622073162703,  15.186453332361781,  15.196148643364035,  15.198926600484187,  15.199722515256203,  15.199950550029348
