2,2.5,3,3.5,4,4.5,5,5.5,6,6.5,7
7158.609740189621334,7158.609740189621334,7158.609740189621334,7158.609740189621334,7158.609740189621334,7158.609740189621334,7158.609740189621334,7158.609740189621334,7158.609740189621334,7158.609740189621334,7158.609740189621334
4336.484485512331048,3825.312348161327918,3374.204703753176545,2976.103813055538922,2624.781246436185484,2314.740437891135571,2041.130689346762665,1799.671279804733558,1586.584491993107804,1398.536508705345568,1232.585254134114166
2624.781246436185484,2041.130689346762665,1586.584491993107804,1232.585254134114166, 956.892565488052810, 742.185729712729426, 574.975578380453271, 444.757010559349226, 343.349019178121523, 264.380747546813836, 202.891299815093674
1586.584491993107804,1086.134364165144916, 742.185729712729426, 505.801482012414169, 343.349019178121523, 231.715182657993694, 155.018187382866500, 102.349135492769264,  66.222966205283740,  41.522209770755225,  24.796975836822316
 956.892565488052810, 574.975578380453271, 343.349019178121523, 202.891299815093674, 117.754885300240105,  66.222966205283740,  35.192560259245241,  16.956386809285554,   7.939806525983289,   7.516817936842141,  10.010984552388784
 574.975578380453271, 301.398989453639103, 155.018187382866500,  76.782538121434769,  35.192560259245241,  13.878804576205589,   6.878987131621870,   9.397362316899821,  12.011543232826760,  13.564023905601765,  14.423198829422503
 343.349019178121523, 155.018187382866500,  66.222966205283740,  24.796975836822316,   7.939806525983289,   8.754908299485015,  12.011543232826760,  13.779640197449469,  14.644658732626590,  15.058560468112718,  15.255140791176171
 202.891299815093674,  76.782538121434769,  24.796975836822316,   7.130116663149768,  10.010984552388784,  13.047831333379857,  14.423198829422503,  15.009058913695837,  15.255140791176171,  15.358026327723511,  15.400966771708131
 117.754885300240105,  35.192560259245241,   7.939806525983289,  10.010984552388784,  13.321128608394956,  14.644658732626590,  15.140892024048142,  15.324543092181365,  15.392245788301192,  15.417170990809556,  15.426342984190685
  66.222966205283740,  13.878804576205589,   8.754908299485015,  13.047831333379857,  14.644658732626590,  15.174987315597519,  15.348225908362764,  15.404575057350339,  15.422880024481724,  15.428823938620226,  15.430753767213439
  35.192560259245241,   6.878987131621870,  12.011543232826760,  14.423198829422503,  15.140892024048142,  15.348225908362764,  15.407759533131124,  15.424826795299733,  15.429717512721306,  15.431118797613872,  15.431520278273940
