2,2.5,3,3.5,4,4.5,5,5.5,6,6.5,7
7409.22455113603883,7409.22455113603883,7409.22455113603883,7409.22455113603883,7409.22455113603883,7409.22455113603883,7409.22455113603883,7409.22455113603883,7409.22455113603883,7409.22455113603883,7409.22455113603883
4480.34830646245064,3949.84248424941461,3481.67409289115676,3068.51847678697141,2703.91167633239002,2382.14929743073799,2098.19726481433554,1847.61306292153131,1626.47623217083742,1431.32703329558285,1259.11232021915748
2703.91167633239002,2098.19726481433554,1626.47623217083742,1259.11232021915748, 973.02575606768789, 750.24332533396796, 576.76933656718859, 441.70659724053615, 336.57227792031557, 254.76588637607591, 191.15634850741989
1626.47623217083742,1107.13777476424093, 750.24332533396796, 505.01643666464696, 336.57227792031557, 220.95907659545773, 141.76317455215818,  87.81135266737854,  51.70476446602461,  29.20285991284115,  19.41614690157008
 973.02575606768789, 576.76933656718859, 336.57227792031557, 191.15634850741989, 103.51380342961251,  51.70476446602461,  24.49335451986995,  19.33590183894309,  24.82469303412742,  30.04811059892577,  33.58710633633682
 576.76933656718859, 293.10407825042546, 141.76317455215818,  62.08468371265077,  24.49335451986995,  20.40228878308892,  27.64824208562975,  32.84369140671702,  35.82710069413888,  37.46654636328543,  38.35450435515330
 336.57227792031557, 141.76317455215818,  51.70476446602461,  19.41614690157008,  24.82469303412742,  32.01126721171458,  35.82710069413888,  37.69040242989221,  38.58180426933316,  39.00517570955621,  39.20565620240664
 191.15634850741989,  62.08468371265077,  19.41614690157008,  26.28347549263401,  33.58710633633682,  36.92734176380993,  38.35450435515330,  38.95463400407159,  39.20565620240664,  39.31044209487159,  39.35414816971808
 103.51380342961251,  24.49335451986995,  24.82469303412742,  33.58710633633682,  37.21343432216914,  38.58180426933316,  39.08918485146789,  39.27635070288318,  39.34527298048421,  39.37063718074797,  39.37996937840162
  51.70476446602461,  20.40228878308892,  32.01126721171458,  36.92734176380993,  38.58180426933316,  39.12395607296679,  39.30046468779258,  39.35782006640616,  39.37644601659133,  39.38249354366857,  39.38445694791260
  24.49335451986995,  27.64824208562975,  35.82710069413888,  38.35450435515330,  39.08918485146789,  39.30046468779258,  39.36106058900213,  39.37842675621278,  39.38340266833825,  39.38482832564306,  39.38523678614022
