2,2.5,3,3.5,4,4.5,5,5.5,6,6.5,7
2683.835386614240178,2683.835386614240178,2683.835386614240178,2683.835386614240178,2683.835386614240178,2683.835386614240178,2683.835386614240178,2683.835386614240178,2683.835386614240178,2683.835386614240178,2683.835386614240178
1620.068098392695447,1427.388628730235723,1257.350164335195359,1107.292396557595339, 974.867622910106547, 858.004016744781666, 754.873213203385149, 663.861704343643964, 583.545595950544680, 512.668331151515758, 450.121032391740528
 974.867622910106547, 754.873213203385149, 583.545595950544680, 450.121032391740528, 346.217176330461825, 265.306508725043500, 202.306357560192595, 153.259795268473454, 115.087470266289841,  85.395014269596828,  62.324484740555128
 583.545595950544680, 394.925154319913418, 265.306508725043500, 176.249409133260002, 115.087470266289841,  73.130474344106815,  44.441976546373589,  25.047888059253641,  12.632594269993920,   7.389900385009179,   9.206329830815429
 346.217176330461825, 202.306357560192595, 115.087470266289841,  62.324484740555128,  30.658635664001714,  12.632594269993920,   7.494304718954587,  11.380562048568827,  14.968912269629683,  17.315679234238306,  18.776611648921669
 202.306357560192595,  99.308472615819241,  44.441976546373589,  16.057031951606106,   7.494304718954587,  12.401399645186769,  16.277283735370592,  18.474889334547278,  19.673202656040559,  20.319661514018129,  20.666978579120720
 115.087470266289841,  44.441976546373589,  12.632594269993920,   9.206329830815429,  14.968912269629683,  18.134107262074533,  19.673202656040559,  20.407394047854790,  20.755599564473517,  20.920373536404593,  20.998270858186721
  62.324484740555128,  16.057031951606106,   9.206329830815429,  15.660071174361223,  18.776611648921669,  20.107832483356695,  20.666978579120720,  20.900722529166270,  20.998270858186721,  21.038953718413214,  21.055916077580829
  30.658635664001714,   7.494304718954587,  14.968912269629683,  18.776611648921669,  20.220316136934798,  20.755599564473517,  20.953025427160725,  21.025720209855141,  21.052471914233031,  21.062314499490888,  21.065935544078364
  12.632594269993920,  12.401399645186769,  18.134107262074533,  20.107832483356695,  20.755599564473517,  20.966535800313174,  21.035080951944128,  21.057340972335428,  21.064568442387682,  21.066914931989174,  21.067676733383220
   7.494304718954587,  16.277283735370592,  19.673202656040559,  20.666978579120720,  20.953025427160725,  21.035080951944128,  21.058598448605753,  21.065336993325605,  21.067267673552180,  21.067820827197906,  21.067979308740114
