2,2.5,3,3.5,4,4.5,5,5.5,6,6.5,7
645.99882444468187,645.99882444468187,645.99882444468187,645.99882444468187,645.99882444468187,645.99882444468187,645.99882444468187,645.99882444468187,645.99882444468187,645.99882444468187,645.99882444468187
388.35950672835071,341.70202609002331,300.53177046365141,264.20467268837399,232.15245512866460,203.87374377699524,178.92623063979784,156.91976228054983,137.51024704626172,120.39428652705030,105.30444841096769
232.15245512866460,178.92623063979784,137.51024704626172,105.30444841096769, 80.28879736500521, 60.89736361480317, 45.92165850015873, 34.43753408827496, 25.75119195878042, 19.35900063487735, 14.90869114192360
137.51024704626172, 92.00510829436375, 60.89736361480317, 39.79138906265622, 25.75119195878042, 16.90866649837447, 12.13308657213588, 10.43280435701093, 10.45828533453135, 11.06568735289486, 11.72337892636037
 80.28879736500521, 45.92165850015873, 25.75119195878042, 14.90869114192360, 10.73635612778364, 10.45828533453135, 11.29193539086958, 12.10334342263828, 12.68630958143172, 13.06860591093562, 13.31006911280567
 45.92165850015873, 22.29334552281975, 12.13308657213588, 10.34173918252280, 11.29193539086958, 12.27087322651738, 12.89872939457481, 13.25994477029634, 13.45984706727095, 13.56863236176869, 13.62735858820959
 25.75119195878042, 12.13308657213588, 10.45828533453135, 11.72337892636037, 12.68630958143172, 13.20349527118527, 13.45984706727095, 13.58344804612372, 13.64237473211100, 13.67032873555164, 13.68355963155247
 14.90869114192360, 10.34173918252280, 11.72337892636037, 12.79833345921427, 13.31006911280567, 13.53291168842257, 13.62735858820959, 13.66699258290064, 13.68355963155247, 13.69047361315070, 13.69335714373860
 10.73635612778364, 11.29193539086958, 12.68630958143172, 13.31006911280567, 13.55187070515696, 13.64237473211100, 13.67587345623732, 13.68822430153195, 13.69277161184030, 13.69444497228774, 13.69506063462124
 10.45828533453135, 12.27087322651738, 13.20349527118527, 13.53291168842257, 13.64237473211100, 13.67816820947156, 13.68981532555060, 13.69359939155771, 13.69482819279119, 13.69522715721006, 13.69535668526701
 11.29193539086958, 12.89872939457481, 13.45984706727095, 13.62735858820959, 13.67587345623732, 13.68981532555060, 13.69381317917356, 13.69495886548979, 13.69528713326005, 13.69538118545052, 13.69540813201017
