2,2.5,3,3.5,4,4.5,5,5.5,6,6.5,7
3602.57275196714500,3602.57275196714500,3602.57275196714500,3602.57275196714500,3602.57275196714500,3602.57275196714500,3602.57275196714500,3602.57275196714500,3602.57275196714500,3602.57275196714500,3602.57275196714500
2175.49194442032285,1917.00676044378542,1688.89570824088241,1487.58991692792915,1309.93989570220901,1153.16625960580586,1014.81624593127106, 892.72534101786391, 784.98341716289690, 689.90484996492171, 606.00214873173093
1309.93989570220901,1014.81624593127106, 784.98341716289690, 606.00214873173093, 466.62817365136777, 358.10591872293725, 273.61866675657416, 207.86073180174608, 156.70496202477176, 116.94509237875091,  86.09768667159285
 784.98341716289690, 531.96268760590954, 358.10591872293725, 238.68076123902756, 156.70496202477176, 100.53868607857024,  62.25344162124072,  36.58699592066463,  20.49648136461315,  13.36279079019855,  14.02330905543398
 466.62817365136777, 273.61866675657416, 156.70496202477176,  86.09768667159285,  43.97411963547532,  20.49648136461315,  12.95266384358678,  16.11298125073404,  20.13548130183203,  22.95691200102466,  24.75795325693197
 273.61866675657416, 135.57072976504386,  62.25344162124072,  24.88628266749519,  12.95266384358678,  17.20602511608744,  21.69581315791132,  24.38374653497671,  25.87595272464896,  26.68709906560064,  27.12447344649098
 156.70496202477176,  62.25344162124072,  20.49648136461315,  14.02330905543398,  20.13548130183203,  23.96243318274727,  25.87595272464896,  26.79748005662553,  27.23624009428957,  27.44422376452990,  27.54262635639352
  86.09768667159285,  24.88628266749519,  14.02330905543398,  20.95531394257579,  24.75795325693197,  26.42087276101041,  27.12447344649098,  27.41940776072908,  27.54262635639352,  27.59403791634863,  27.61547745017451
  43.97411963547532,  12.95266384358678,  20.13548130183203,  24.75795325693197,  26.56219093234024,  27.23624009428957,  27.48546474535627,  27.57731306158993,  27.61112402103982,  27.62356532049353,  27.62814261628698
  20.49648136461315,  17.20602511608744,  23.96243318274727,  26.42087276101041,  27.23624009428957,  27.50253157067995,  27.58914326668475,  27.61727854774084,  27.62641447586266,  27.62938066056575,  27.63034365903737
  12.95266384358678,  21.69581315791132,  25.87595272464896,  27.12447344649098,  27.48546474535627,  27.58914326668475,  27.61886803827892,  27.62738599205147,  27.62982656306530,  27.63052580955940,  27.63072614795269
