2,2.5,3,3.5,4,4.5,5,5.5,6,6.5,7
636.51834975673864,636.51834975673864,636.51834975673864,636.51834975673864,636.51834975673864,636.51834975673864,636.51834975673864,636.51834975673864,636.51834975673864,636.51834975673864,636.51834975673864
384.92758254314720,339.36874307191067,299.16964705611821,263.70138903567778,232.40908536143291,204.80319432208094,180.45185885398109,158.97415204569242,140.03411974240055,123.33552696823217,108.61722579431367
232.40908536143291,180.45185885398109,140.03411974240055,108.61722579431367, 84.22832483751637, 65.33645077864813, 50.75621714442158, 39.57272345886128, 31.08220158308631, 24.74324695224595, 20.13369046091824
140.03411974240055, 95.64907183228594, 65.33645077864813, 44.78820108841824, 31.08220158308631, 22.24514888060941, 16.91007651229393, 14.02490243402525, 12.68912716457695, 12.19052913209350, 12.07511531203886
 84.22832483751637, 50.75621714442158, 31.08220158308631, 20.13369046091824, 14.77283528821964, 12.68912716457695, 12.12475331873978, 12.08849949471024, 12.18200489582471, 12.28040964325998, 12.35506784680263
 50.75621714442158, 27.67247262970945, 16.91007651229393, 13.01126369701121, 12.12475331873978, 12.10735253094108, 12.23350898497581, 12.33883501788790, 12.40575483946489, 12.44454175915098, 12.46614420999093
 31.08220158308631, 16.91007651229393, 12.68912716457695, 12.07511531203886, 12.18200489582471, 12.32100654990001, 12.40575483946489, 12.44994844704327, 12.47174103541485, 12.48223846903094, 12.48724234148245
 20.13369046091824, 13.01126369701121, 12.07511531203886, 12.20813710015013, 12.35506784680263, 12.43162760258995, 12.46614420999093, 12.48098032340396, 12.48724234148245, 12.48986616446995, 12.49096226775194
 14.77283528821964, 12.12475331873978, 12.18200489582471, 12.35506784680263, 12.43846043946777, 12.47174103541485, 12.48433270732885, 12.48901188617071, 12.49073960573387, 12.49137605657598, 12.49161030989491
 12.68912716457695, 12.10735253094108, 12.32100654990001, 12.43162760258995, 12.47174103541485, 12.48520059735400, 12.48961608248080, 12.49105440095637, 12.49152186240044, 12.49167367842478, 12.49172297151161
 12.12475331873978, 12.23350898497581, 12.40575483946489, 12.46614420999093, 12.48433270732885, 12.48961608248080, 12.49113571625995, 12.49157158440767, 12.49169650259144, 12.49173229552276, 12.49174255063790
