2,2.5,3,3.5,4,4.5,5,5.5,6,6.5,7
1246.01781083072501,1246.01781083072501,1246.01781083072501,1246.01781083072501,1246.01781083072501,1246.01781083072501,1246.01781083072501,1246.01781083072501,1246.01781083072501,1246.01781083072501,1246.01781083072501
 752.66853747107075, 663.31966710812480, 584.47589085048526, 514.90370316344706, 453.51466523163066, 399.34837858296589, 351.55746267394562, 309.39430159543764, 272.19935278083005, 239.39083508613368, 210.45563524515785
 453.51466523163066, 351.55746267394562, 272.19935278083005, 210.45563524515785, 162.44892459121650, 125.16594300917045,  96.26878724564108,  73.94880795404701,  56.81369894511018,  43.79978992452257,  34.10135054847017
 272.19935278083005, 184.94129081380308, 125.16594300917045,  84.38229557329491,  56.81369894511018,  38.57816121989107,  27.10649484109790,  20.63218381511296,  17.66057757274121,  16.74155225911233,  16.74986353740246
 162.44892459121650,  96.26878724564108,  56.81369894511018,  34.10135054847017,  22.32774798741308,  17.66057757274121,  16.68176850420782,  16.94609974445445,  17.41643355414973,  17.80721925879053,  18.08047335210046
  96.26878724564108,  49.84724462690149,  27.10649484109790,  18.35426767724617,  16.68176850420782,  17.06297388042438,  17.62674864589167,  18.02223619273873,  18.25890645436746,  18.39243833925858,  18.46582803616144
  56.81369894511018,  27.10649484109790,  17.66057757274121,  16.74986353740246,  17.41643355414973,  17.95757689012667,  18.25890645436746,  18.41086888032689,  18.48473603604301,  18.52008706693020,  18.53688735363972
  34.10135054847017,  18.35426767724617,  16.74986353740246,  17.52511048256884,  18.08047335210046,  18.34824039305778,  18.46582803616144,  18.51585779777925,  18.53688735363972,  18.54568389129520,  18.54935605740853
  22.32774798741308,  16.68176850420782,  17.41643355414973,  18.08047335210046,  18.37165664104508,  18.48473603604301,  18.52712231222675,  18.54282083033467,  18.54861021810545,  18.55074193762949,  18.55152641351540
  17.66057757274121,  17.06297388042438,  17.95757689012667,  18.34824039305778,  18.48473603604301,  18.53003618280263,  18.54484585294971,  18.54966465283275,  18.55123022552829,  18.55173861240576,  18.55190367408932
  16.68176850420782,  17.62674864589167,  18.25890645436746,  18.46582803616144,  18.52712231222675,  18.54484585294971,  18.54993700533695,  18.55139673300080,  18.55181504126037,  18.55193489591120,  18.55196923544509
