2,2.5,3,3.5,4,4.5,5,5.5,6,6.5,7
4542.985622738142411,4542.985622738142411,4542.985622738142411,4542.985622738142411,4542.985622738142411,4542.985622738142411,4542.985622738142411,4542.985622738142411,4542.985622738142411,4542.985622738142411,4542.985622738142411
2751.157921659333624,2426.604052208967005,2140.186523046610546,1887.424230587581405,1664.362619545326424,1467.511812550957984,1293.792009836749912,1140.485304745970552,1005.193161210468247, 885.798887922407744, 780.434522103591917
1664.362619545326424,1293.792009836749912,1005.193161210468247, 780.434522103591917, 605.395390261468833, 469.078770510533559, 362.920488651463302, 280.251159741553920, 215.877215468716429, 165.754681300622025, 126.735232704761799
1005.193161210468247, 687.451604768130210, 469.078770510533559, 319.004672199383833, 215.877215468716429, 145.024584578621756,  96.368623753937200,  62.993154297182059,  40.165958018933878,  24.683216210698816,  14.471325461202392
 605.395390261468833, 362.920488651463302, 215.877215468716429, 126.735232704761799,  72.749171006180418,  40.165958018933878,  20.767477824769784,  10.022292259426589,   6.466389049897749,   7.648738834159031,   9.372713371918765
 362.920488651463302, 189.249727119408135,  96.368623753937200,  46.826785343041159,  20.767477824769784,   8.467898883466718,   6.807413912057568,   8.980037108527394,  10.616852580765491,  11.567922603600900,  12.092824948594606
 215.877215468716429,  96.368623753937200,  40.165958018933878,  14.471325461202392,   6.466389049897749,   8.556505833852558,  10.616852580765491,  11.699692499091713,  12.228081912485106,  12.480876615138767,  12.600951402713788
 126.735232704761799,  46.826785343041159,  14.471325461202392,   6.531940349199026,   9.372713371918765,  11.252249966388503,  12.092824948594606,  12.450641726273233,  12.600951402713788,  12.663800516541354,  12.690032441217149
  72.749171006180418,  20.767477824769784,   6.466389049897749,   9.372713371918765,  11.419426060970949,  12.228081912485106,  12.531164907638955,  12.643346390941772,  12.684704815112621,  12.699931635491227,  12.705534873130981
  40.165958018933878,   8.467898883466718,   8.556505833852558,  11.252249966388503,  12.228081912485106,  12.551990907771527,  12.657813627161410,  12.692236742195055,  12.703419321851587,  12.707050512058213,  12.708229464618629
  20.767477824769784,   6.807413912057568,  10.616852580765491,  12.092824948594606,  12.531164907638955,  12.657813627161410,  12.694182142044850,  12.704608619965889,  12.707596405677496,  12.708452465693290,  12.708697734693203
