2,2.5,3,3.5,4,4.5,5,5.5,6,6.5,7
2621.03805219509468,2621.03805219509468,2621.03805219509468,2621.03805219509468,2621.03805219509468,2621.03805219509468,2621.03805219509468,2621.03805219509468,2621.03805219509468,2621.03805219509468,2621.03805219509468
1583.20493574630746,1395.22514764166954,1229.33534095724121,1082.94012028419138, 953.74909274752906, 839.74103482400369, 739.13227066113018, 650.34876724343655, 572.00150992920783, 502.86477323836880, 441.85694711660938
 953.74909274752906, 739.13227066113018, 572.00150992920783, 441.85694711660938, 340.52264695790672, 261.63310204147183, 200.23359958641436, 152.46945267344950, 115.34477470707704,  86.53604665130995,  64.24958807479352
 572.00150992920783, 388.02361894663773, 261.63310204147183, 174.85205588401101, 115.34477470707704,  74.67206728725041,  47.11565196933786,  28.93298910618780,  17.97577976659359,  13.26637624362253,  13.12410805343320
 340.52264695790672, 200.23359958641436, 115.34477470707704,  64.24958807479352,  34.11563490087077,  17.97577976659359,  12.85623978793842,  14.10930941954872,  16.34679775355776,  18.05767563429873,  19.18931960839213
 200.23359958641436, 100.02403290522315,  47.11565196933786,  20.89851475961964,  12.85623978793842,  14.68519643849214,  17.28234902759563,  18.95208653579495,  19.90396561702266,  20.42752132761431,  20.71144213950888
 115.34477470707704,  47.11565196933786,  17.97577976659359,  13.12410805343320,  16.34679775355776,  18.68626014202262,  19.90396561702266,  20.49907160767283,  20.78416828371523,  20.91968500200209,  20.98388309396762
  64.24958807479352,  20.89851475961964,  13.12410805343320,  16.83477728367461,  19.18931960839213,  20.25524464884607,  20.71144213950888,  20.90350319703169,  20.98388309396762,  21.01744469267510,  21.03144462224736
  34.11563490087077,  12.85623978793842,  16.34679775355776,  19.18931960839213,  20.34664023624621,  20.78416828371523,  20.94658439887249,  21.00652512218671,  21.02860165347802,  21.03672660136337,  21.03971606826583
  17.97577976659359,  14.68519643849214,  18.68626014202262,  20.25524464884607,  20.78416828371523,  20.95771889369493,  21.01424884773743,  21.03262084257479,  21.03858739351820,  21.04052466348515,  21.04115362555689
  12.85623978793842,  17.28234902759563,  19.90396561702266,  20.71144213950888,  20.94658439887249,  21.01424884773743,  21.03365888559779,  21.03922190354783,  21.04081589465683,  21.04127259386662,  21.04140344145704
