2,2.5,3,3.5,4,4.5,5,5.5,6,6.5,7
325.98097132889711,325.98097132889711,325.98097132889711,325.98097132889711,325.98097132889711,325.98097132889711,325.98097132889711,325.98097132889711,325.98097132889711,325.98097132889711,325.98097132889711
195.46356340572629,171.85221063335186,151.03137778335756,132.67554500219765,116.49781970363388,102.24546305861993, 89.69595348871385, 78.65352525577801, 68.94612687705894, 60.42274919779643, 52.95107617343034
116.49781970363388, 89.69595348871385, 68.94612687705894, 52.95107617343034, 40.71483714494319, 31.47922437020598, 24.67085350478494, 19.84956695193952, 16.65025933700797, 14.72588384557611, 13.72465936671285
 68.94612687705894, 46.41541217564767, 31.47922437020598, 22.03567034879220, 16.65025933700797, 14.13148060233310, 13.32012871623637, 13.29541257767677, 13.53647265995508, 13.81848128755598, 14.06401482126162
 40.71483714494319, 24.67085350478494, 16.65025933700797, 13.72465936671285, 13.25613919910780, 13.53647265995508, 13.90594673196345, 14.19786088120013, 14.39829297138622, 14.52808381480028, 14.60974449105394
 24.67085350478494, 15.55070988180170, 13.32012871623637, 13.44469293209546, 13.90594673196345, 14.25591600991376, 14.47050901412969, 14.59280531039582, 14.66033576431006, 14.69706605762756, 14.71689222594578
 16.65025933700797, 13.32012871623637, 13.53647265995508, 14.06401482126162, 14.39829297138622, 14.57372179628340, 14.66033576431006, 14.70206795337321, 14.72196165967226, 14.73139893155076, 14.73586572133260
 13.72465936671285, 13.44469293209546, 14.06401482126162, 14.43641370268513, 14.60974449105394, 14.68500611869032, 14.71689222594578, 14.73027264158417, 14.73586572133260, 14.73819991747372, 14.73917341604305
 13.25613919910780, 13.90594673196345, 14.39829297138622, 14.60974449105394, 14.69140709254188, 14.72196165967226, 14.73327084150130, 14.73744053686255, 14.73897573650494, 14.73954067458964, 14.73974852665909
 13.53647265995508, 14.25591600991376, 14.57372179628340, 14.68500611869032, 14.72196165967226, 14.73404555696472, 14.73797767563660, 14.73925520057681, 14.73967005259856, 14.73980474591155, 14.73984847554308
 13.90594673196345, 14.47050901412969, 14.66033576431006, 14.71689222594578, 14.73327084150130, 14.73797767563660, 14.73932737676338, 14.73971416865467, 14.73982499426971, 14.73985674698707, 14.73986584434602
