2,2.5,3,3.5,4,4.5,5,5.5,6,6.5,7
2871.72486976659366,2871.72486976659366,2871.72486976659366,2871.72486976659366,2871.72486976659366,2871.72486976659366,2871.72486976659366,2871.72486976659366,2871.72486976659366,2871.72486976659366,2871.72486976659366
1736.71566335830767,1531.13380187476969,1349.70992563136861,1189.60559922789525,1048.31594084025051, 923.63043293059206, 813.59833853262444, 716.49818208024112, 630.81081735230134, 555.19566124574419, 488.46972164332931
1048.31594084025051, 813.59833853262444, 630.81081735230134, 488.46972164332931, 377.63261900440864, 291.33657001891345, 224.16082614118255, 171.88653085955829, 131.23213413729206,  99.64806317883620,  75.15805869151927
 630.81081735230134, 429.58909138839607, 291.33657001891345, 196.38540132641288, 131.23213413729206,  86.62096528580896,  56.23777666265859,  35.83839457955128,  22.70171415773010,  15.27612259297098,  12.48971288398166
 377.63261900440864, 224.16082614118255, 131.23213413729206,  75.15805869151927,  41.72399741738202,  22.70171415773010,  13.89827695471327,  12.35528175871809,  13.60420196816942,  15.02347436343775,  16.06428796665524
 224.16082614118255, 114.44167557110211,  56.23777666265859,  26.38953231909468,  13.89827695471327,  12.56297753740682,  14.35156902965702,  15.84125127603977,  16.74885157547846,  17.26074512738155,  17.54148333639572
 131.23213413729206,  56.23777666265859,  22.70171415773010,  12.48971288398166,  13.60420196816942,  15.59417048808047,  16.74885157547846,  17.33129721409002,  17.61371996712889,  17.74866241127418,  17.81273801081222
  75.15805869151927,  26.38953231909468,  12.48971288398166,  13.98391988229650,  16.06428796665524,  17.09143888665729,  17.54148333639572,  17.73252648148874,  17.81273801081222,  17.84627300185221,  17.86026934816623
  41.72399741738202,  13.89827695471327,  13.60420196816942,  16.06428796665524,  17.18115731945208,  17.61371996712889,  17.77549896016341,  17.83535929107650,  17.85742675053550,  17.86555111922679,  17.86854074550644
  22.70171415773010,  12.56297753740682,  15.59417048808047,  17.09143888665729,  17.61371996712889,  17.78661231604532,  17.84307859340953,  17.86144546800207,  17.86741198706335,  17.86934941822423,  17.86997845069837
  13.89827695471327,  14.35156902965702,  16.74885157547846,  17.54148333639572,  17.77549896016341,  17.84307859340953,  17.86248344812411,  17.86804654063333,  17.86964068089383,  17.87009743332055,  17.87022829701836
