2,2.5,3,3.5,4,4.5,5,5.5,6,6.5,7
3001.845986837829969,3001.845986837829969,3001.845986837829969,3001.845986837829969,3001.845986837829969,3001.845986837829969,3001.845986837829969,3001.845986837829969,3001.845986837829969,3001.845986837829969,3001.845986837829969
1815.769251636978879,1600.936250275343809,1411.347587635679702,1244.037084505698886,1096.387112223305849, 966.087639185038256, 851.100089891027551, 749.625451109996334, 660.076126202328396, 581.051097289561426, 511.314006723193472
1096.387112223305849, 851.100089891027551, 660.076126202328396, 511.314006723193472, 395.467732565664448, 305.259391723415945, 235.021993245220557, 180.343567945606026, 137.790223729186948, 104.690847793457365,  78.970110108814680
 660.076126202328396, 449.773814995417524, 305.259391723415945, 205.972663202306393, 137.790223729186948,  91.018332034769472,  59.019643879967759,  37.284823577769416,  22.835827062892051,  13.915863685741670,   9.772853116833332
 395.467732565664448, 235.021993245220557, 137.790223729186948,  78.970110108814680,  43.600075282401221,  22.835827062892051,  12.025941975596741,   9.231540220636276,  10.555873393773011,  12.256238019958106,  13.496833666028442
 235.021993245220557, 120.200786249653291,  59.019643879967759,  26.974631902597828,  12.025941975596741,   9.387534260967414,  11.450116660805785,  13.232094966066857,  14.305282836360769,  14.905755816307803,  15.233634877559187
 137.790223729186948,  59.019643879967759,  22.835827062892051,   9.772853116833332,  10.555873393773011,  12.938074280438350,  14.305282836360769,  14.988249291941393,  15.317840245437724,  15.474967130494843,  15.549498112786118
  78.970110108814680,  26.974631902597828,   9.772853116833332,  11.009073352383972,  13.496833666028442,  14.707531518362710,  15.233634877559187,  15.456190313793725,  15.549498112786118,  15.588485081283364,  15.604752842874159
  43.600075282401221,  12.025941975596741,  10.555873393773011,  13.496833666028442,  14.812620380173454,  15.317840245437724,  15.506188794702641,  15.575798570349843,  15.601449123379391,  15.610891154053277,  15.614365455167073
  22.835827062892051,   9.387534260967414,  12.938074280438350,  14.707531518362710,  15.317840245437724,  15.519115495086211,  15.584771930022068,  15.606119722356107,  15.613053716435893,  15.615305210341056,  15.616036200850720
  12.025941975596741,  11.450116660805785,  14.305282836360769,  15.233634877559187,  15.506188794702641,  15.584771930022068,  15.607326042719317,  15.613791137847183,  15.615643683522876,  15.616174468478130,  15.616326542697557
