2,2.5,3,3.5,4,4.5,5,5.5,6,6.5,7
340.240186319093141,340.240186319093141,340.240186319093141,340.240186319093141,340.240186319093141,340.240186319093141,340.240186319093141,340.240186319093141,340.240186319093141,340.240186319093141,340.240186319093141
205.107123386148231,180.634535697902436,159.039792066206246,139.985052869679919,123.172222889577071,108.338288986906917, 95.251207080561443, 83.706274199924067, 73.522929008269315, 64.541930938071275, 56.622874051807003
123.172222889577071, 95.251207080561443, 73.522929008269315, 56.622874051807003, 43.490255408367474, 33.301619098121094, 25.419501849144794, 19.352948393797742, 14.727317631306159, 11.260907854953281,  8.744967239833663
 73.522929008269315, 49.641997033866282, 33.301619098121094, 22.185120173511951, 14.727317631306159,  9.894888824309968,  7.021344545445262,  5.617626670792782,  5.173475295523271,  5.192936557532385,  5.362514735373593
 43.490255408367474, 25.419501849144794, 14.727317631306159,  8.744967239833663,  5.952189851004303,  5.173475295523271,  5.242271307549775,  5.487510382142028,  5.702359957898569,  5.854262562293961,  5.953697399698714
 25.419501849144794, 12.863734249281920,  7.021344545445262,  5.248182225359284,  5.242271307549775,  5.546784815662925,  5.785859725959685,  5.932856937603191,  6.016551242858594,  6.062719110005515,  6.087813308659481
 14.727317631306159,  7.021344545445262,  5.173475295523271,  5.362514735373593,  5.702359957898569,  5.909508528004712,  6.016551242858594,  6.069038890103643,  6.094248512319042,  6.106248194171466,  6.111936715236838
  8.744967239833663,  5.248182225359284,  5.362514735373593,  5.746098259738078,  5.953697399698714,  6.047513337345206,  6.087813308659481,  6.104814746110079,  6.111936715236838,  6.114911599561311,  6.116152757580474
  5.952189851004303,  5.242271307549775,  5.702359957898569,  5.953697399698714,  6.055578386938730,  6.094248512319042,  6.108631407079816,  6.113943615850537,  6.115900705265988,  6.116621061673823,  6.116886117855570
  5.173475295523271,  5.546784815662925,  5.909508528004712,  6.047513337345206,  6.094248512319042,  6.109618024435735,  6.114628290686094,  6.116257040588154,  6.116786045089682,  6.116957811604643,  6.117013578546085
  5.242271307549775,  5.785859725959685,  6.016551242858594,  6.087813308659481,  6.108631407079816,  6.114628290686094,  6.116349073608640,  6.116842303157730,  6.116983633594051,  6.117024126903325,  6.117035728550621
