2,2.5,3,3.5,4,4.5,5,5.5,6,6.5,7
2150.67433267370734,2150.67433267370734,2150.67433267370734,2150.67433267370734,2150.67433267370734,2150.67433267370734,2150.67433267370734,2150.67433267370734,2150.67433267370734,2150.67433267370734,2150.67433267370734
1300.41326196970886,1146.40826365473959,1010.50099398419820, 890.56514215498055, 784.72427782882016, 691.32249428078399, 608.89850188595437, 536.16276667824775, 471.97733637223519, 415.33803830587846, 365.35877089911355
 784.72427782882016, 608.89850188595437, 471.97733637223519, 365.35877089911355, 282.34474455825892, 217.72043724100334, 167.42682238959071, 128.30596504504558,  97.90316314215366,  74.31367854265059,  56.06473406547831
 471.97733637223519, 321.25764301354502, 217.72043724100334, 146.63771165677326,  97.90316314215366,  64.59943521526644,  42.02584050521276,  27.05508827414203,  17.72231516667662,  12.85366956007953,  11.32508917942485
 282.34474455825892, 167.42682238959071,  97.90316314215366,  56.06473406547831,  31.34232794742536,  17.72231516667662,  12.04512182846960,  11.38082779372124,  12.33157481230728,  13.32319822017523,  14.04514590383947
 167.42682238959071,  85.35775370958459,  42.02584050521276,  20.28983470422580,  12.04512182846960,  11.56402467362292,  12.85597443040176,  13.89043449163148,  14.52042061102395,  14.87642135986485,  15.07193170663272
  97.90316314215366,  42.02584050521276,  17.72231516667662,  11.32508917942485,  12.33157481230728,  13.71908008738322,  14.52042061102395,  14.92553609829731,  15.12227132666102,  15.21634594486121,  15.26103316481298
  56.06473406547831,  20.28983470422580,  11.32508917942485,  12.59898903181230,  14.04514590383947,  14.75860879924056,  15.07193170663272,  15.20509427213723,  15.26103316481298,  15.28442538518341,  15.29418939760506
  31.34232794742536,  12.04512182846960,  12.33157481230728,  14.04514590383947,  14.82103116686674,  15.12227132666102,  15.23506077553956,  15.27681222622676,  15.29220632540122,  15.29787416120510,  15.29995987161403
  17.72231516667662,  11.56402467362292,  13.71908008738322,  14.75860879924056,  15.12227132666102,  15.24281139556149,  15.28219700409850,  15.29500989675360,  15.29917239130316,  15.30052404570183,  15.30096289422000
  12.04512182846960,  12.85597443040176,  14.52042061102395,  15.07193170663272,  15.23506077553956,  15.28219700409850,  15.29573402832499,  15.29961508828664,  15.30072724682649,  15.30104590332725,  15.30113720139966
