2,2.5,3,3.5,4,4.5,5,5.5,6,6.5,7
3730.62693874729166,3730.62693874729166,3730.62693874729166,3730.62693874729166,3730.62693874729166,3730.62693874729166,3730.62693874729166,3730.62693874729166,3730.62693874729166,3730.62693874729166,3730.62693874729166
2258.38704707086572,1991.72126210115971,1756.39035074942262,1548.71247927812283,1365.43845618691194,1203.70089762754765,1060.96936638540956, 935.01078257587380, 823.85448668617266, 725.76140838689525, 639.19685878131315
1365.43845618691194,1060.96936638540956, 823.85448668617266, 639.19685878131315, 495.39525978073357, 383.41537243925569, 296.22224596377566, 228.33840690935745, 175.49988614127031, 134.38860229590904, 102.42438196675056
 823.85448668617266, 562.80652046100442, 383.41537243925569, 260.15814149965325, 175.49988614127031, 117.40022698281560,  77.60372408944072,  50.47372971695354,  32.21104850097274,  20.35930744995566,  13.49880092286873
 495.39525978073357, 296.22224596377566, 175.49988614127031, 102.42438196675056,  58.37550360011352,  32.21104850097274,  17.56413448893195,  11.26737928820351,  10.61735575261299,  11.80571231406061,  12.98128338454363
 296.22224596377566, 153.65480435076708,  77.60372408944072,  37.48879704776014,  17.56413448893195,  10.72954767978708,  11.15483739314122,  12.71746263626097,  13.81887377336129,  14.46577704110629,  14.82608338042835
 175.49988614127031,  77.60372408944072,  32.21104850097274,  13.49880092286873,  10.61735575261299,  12.43181997775691,  13.81887377336129,  14.55599853553485,  14.91932551569812,  15.09403731107204,  15.17722606896587
 102.42438196675056,  37.48879704776014,  13.49880092286873,  10.85801076283520,  12.98128338454363,  14.25024709884058,  14.82608338042835,  15.07311091050796,  15.17722606896587,  15.22082046304465,  15.23902643806774
  58.37550360011352,  17.56413448893195,  10.61735575261299,  12.98128338454363,  14.36428327186428,  14.91932551569812,  15.12886155148693,  15.20662882558569,  15.23532835469693,  15.24589848157124,  15.24978865497594
  32.21104850097274,  10.72954767978708,  12.43181997775691,  14.25024709884058,  14.91932551569812,  15.14329009337659,  15.21666620187501,  15.24055659216613,  15.24831985267816,  15.25084097009686,  15.25165953668362
  17.56413448893195,  11.15483739314122,  13.81887377336129,  14.82608338042835,  15.12886155148693,  15.21666620187501,  15.24190706203335,  15.24914556334719,  15.25121999165288,  15.25181437149353,  15.25198466795904
