2,2.5,3,3.5,4,4.5,5,5.5,6,6.5,7
2369.443005923202691,2369.443005923202691,2369.443005923202691,2369.443005923202691,2369.443005923202691,2369.443005923202691,2369.443005923202691,2369.443005923202691,2369.443005923202691,2369.443005923202691,2369.443005923202691
1435.137039198654520,1265.907262636581891,1116.563250150521071, 984.768462903278419, 868.460926313600453, 765.820969840718817, 675.242757733383314, 595.309165340927848, 524.769607929063000, 462.520475139483324, 407.587865003009085
 868.460926313600453, 675.242757733383314, 524.769607929063000, 407.587865003009085, 316.335518612625549, 245.279651901429787, 189.956295807984702, 146.890027572798317, 113.375710838924618,  87.308687837215345,  67.052792033920639
 524.769607929063000, 359.112347399009195, 245.279651901429787, 167.075952628157779, 113.375710838924618,  76.541281181980821,  51.337944591512702,  34.192608773560870,  22.691552817675472,  15.241849318357545,  10.816678136413703
 316.335518612625549, 189.956295807984702, 113.375710838924618,  67.052792033920639,  39.180973433751916,  22.691552817675472,  13.470142703692995,   9.174037250597999,   7.985987473803600,   8.100446468631610,   8.482941672581033
 189.956295807984702,  99.523201088990206,  51.337944591512702,  26.010390352904491,  13.470142703692995,   8.661466484807569,   7.968120422804940,   8.386688255166161,   8.816473892645984,   9.097047629118505,   9.260273678913217
 113.375710838924618,  51.337944591512702,  22.691552817675472,  10.816678136413703,   7.985987473803600,   8.288395424252730,   8.816473892645984,   9.137489351900708,   9.303234159441187,   9.384479274213829,   9.423495416752258
  67.052792033920639,  26.010390352904491,  10.816678136413703,   7.949996650161413,   8.482941672581033,   9.001673286595381,   9.260273678913217,   9.374697795463574,   9.423495416752258,   9.444024452512210,   9.452614482684602
  39.180973433751916,  13.470142703692995,   7.985987473803600,   8.482941672581033,   9.051913801653328,   9.303234159441187,   9.400786604345496,   9.437335273192961,   9.450868845472135,   9.455859417681486,   9.457696946757078
  22.691552817675472,   8.661466484807569,   8.288395424252730,   9.001673286595381,   9.303234159441187,   9.407553925879119,   9.442065739041645,   9.453336891672594,   9.457003103732877,   9.458194085538370,   9.458580818357756
  13.470142703692995,   7.968120422804940,   8.816473892645984,   9.260273678913217,   9.400786604345496,   9.442065739041645,   9.453974526135232,   9.457393150890598,   9.458373152312797,   9.458653972466104,   9.458734432484070
