2,2.5,3,3.5,4,4.5,5,5.5,6,6.5,7
7717.116293010108166,7717.116293010108166,7717.116293010108166,7717.116293010108166,7717.116293010108166,7717.116293010108166,7717.116293010108166,7717.116293010108166,7717.116293010108166,7717.116293010108166,7717.116293010108166
4674.812872441138097,4123.759966912456548,3637.457762986452963,3208.297890185897359,2829.565990257745852,2495.336668688014015,2200.380789845883555,1940.083665359818497,1710.372855757923389,1507.654455808964485,1328.756866732649314
2829.565990257745852,2200.380789845883555,1710.372855757923389,1328.756866732649314,1031.557365496401871, 800.102478613601306, 619.850844983622551, 479.478056678334895, 370.165222520522207, 285.044968050540206, 218.770085393839111
1710.372855757923389,1170.881175584659331, 800.102478613601306, 545.282332199417283, 370.165222520522207, 249.836409196676442, 167.177769106342481, 110.433986629165645,  71.544538867920892,  45.009460539490121,  27.145593764488563
1031.557365496401871, 619.850844983622551, 370.165222520522207, 218.770085393839111, 127.028413406877021,  71.544538867920892,  38.230540345482439,  18.880386110432696,   9.779607346565461,   9.384526468849822,  11.785175286967172
 619.850844983622551, 324.946507764086903, 167.177769106342481,  82.906444317272687,  38.230540345482439,  15.690727575442597,   8.796986785896856,  11.182434862091029,  13.787685633969275,  15.370429564263409,  16.254175172119339
 370.165222520522207, 167.177769106342481,  71.544538867920892,  27.145593764488563,   9.779607346565461,  10.558901684902674,  13.787685633969275,  15.591749006060807,  16.482723870335249,  16.910628900561193,  17.114187054543535
 218.770085393839111,  82.906444317272687,  27.145593764488563,   9.025987333176117,  11.785175286967172,  14.841963853843010,  16.254175172119339,  16.859402689551885,  17.114187054543535,  17.220804990516545,  17.265319191514930
 127.028413406877021,  38.230540345482439,   9.779607346565461,  11.785175286967172,  15.121509014222761,  16.482723870335249,  16.995858044342405,  17.186101112597022,  17.256277829997543,  17.282119716112369,  17.291629819770140
  71.544538867920892,  15.690727575442597,  10.558901684902674,  14.841963853843010,  16.482723870335249,  17.031163832461367,  17.210646701269589,  17.269060145227154,  17.288039154064464,  17.294202303179624,  17.296203349655102
  38.230540345482439,   8.796986785896856,  13.787685633969275,  16.254175172119339,  16.995858044342405,  17.210646701269589,  17.272361761204060,  17.290057709892871,  17.295128851175338,  17.296581853145408,  17.296998153029364
