2,2.5,3,3.5,4,4.5,5,5.5,6,6.5,7
2254.972511716558984,2254.972511716558984,2254.972511716558984,2254.972511716558984,2254.972511716558984,2254.972511716558984,2254.972511716558984,2254.972511716558984,2254.972511716558984,2254.972511716558984,2254.972511716558984
1365.683048217368423,1204.606810602644146,1062.458100712314490, 937.012952533831026, 826.308733535214515, 728.613438671975246, 642.398592669308641, 566.315336633756260, 499.173324870731449, 439.922101753897209, 387.634667297465001
 826.308733535214515, 642.398592669308641, 499.173324870731449, 387.634667297465001, 300.775130399075351, 233.137759918621754, 180.473323882863639, 139.473394338669436, 107.562566978805634,  82.736786107504543,  63.437654026348035
 499.173324870731449, 341.492974330464733, 233.137759918621754, 158.691346502318993, 107.562566978805634,  72.479211249383908,  48.454889015278503,  32.082960146193898,  21.058794750743054,  13.862530350161071,   9.536256694525150
 300.775130399075351, 180.473323882863639, 107.562566978805634,  63.437654026348035,  36.850899880547580,  21.058794750743054,  12.136790507814087,   7.922475595305259,   6.817443900474532,   7.033407350063858,   7.484511445480986
 180.473323882863639,  94.370626614983635,  48.454889015278503,  24.246629299688554,  12.136790507814087,   7.425288858264782,   6.852967851780008,   7.374424393885574,   7.856969474936518,   8.162970012602276,   8.338784944985992
 107.562566978805634,  48.454889015278503,  21.058794750743054,   9.536256694525150,   6.817443900474532,   7.260205334962040,   7.856969474936518,   8.206665419463512,   8.384830642228279,   8.471671855976718,   8.513269426431807
  63.437654026348035,  24.246629299688554,   9.536256694525150,   6.808309886892878,   7.484511445480986,   8.059540054807618,   8.338784944985992,   8.461232634906871,   8.513269426431807,   8.535130154013579,   8.544272068040868
  36.850899880547580,  12.136790507814087,   6.817443900474532,   7.484511445480986,   8.114092976718005,   8.384830642228279,   8.489066272053675,   8.528009040724458,   8.542414532096346,   8.547724667452620,   8.549679594912686
  21.058794750743054,   7.425288858264782,   7.260205334962040,   8.059540054807618,   8.384830642228279,   8.496281271301255,   8.533045160056020,   8.545040747144755,   8.548941439487129,   8.550208471077738,   8.550619885759380
  12.136790507814087,   6.852967851780008,   7.856969474936518,   8.338784944985992,   8.489066272053675,   8.533045160056020,   8.545719203612892,   8.549356399567905,   8.550398966941962,   8.550697707963467,   8.550783302020390
