2,2.5,3,3.5,4,4.5,5,5.5,6,6.5,7
1030.27243418475973,1030.27243418475973,1030.27243418475973,1030.27243418475973,1030.27243418475973,1030.27243418475973,1030.27243418475973,1030.27243418475973,1030.27243418475973,1030.27243418475973,1030.27243418475973
 623.12769841694183, 549.38675694215442, 484.31348693029213, 426.88980448502207, 376.21730920190856, 331.50322920631294, 292.04801901640013, 257.23441625651827, 226.51778608546479, 199.41760236877897, 175.50993242960095
 376.21730920190856, 292.04801901640013, 226.51778608546479, 175.50993242960095, 135.82037837557766, 104.95647047549285,  80.98057354402117,  62.38861971960946,  48.01597553278547,  36.96459247157508,  28.54640507637660
 226.51778608546479, 154.42080793673492, 104.95647047549285,  71.09140419805259,  48.01597553278547,  32.46244197837526,  22.23811357043107,  15.88523575139140,  12.37136574563218,  10.79522964821356,  10.31641415588570
 135.82037837557766,  80.98057354402117,  48.01597553278547,  28.54640507637660,  17.64161348786492,  12.37136574563218,  10.55019837030316,  10.29197286197709,  10.48784038445174,  10.73133800507226,  10.92190718173540
  80.98057354402117,  42.12247896447207,  22.23811357043107,  13.28320263547834,  10.55019837030316,  10.32279952252053,  10.61361059682075,  10.88025666306999,  11.05242186721704,  11.15258437200362,  11.20842365161888
  48.01597553278547,  22.23811357043107,  12.37136574563218,  10.31641415588570,  10.48784038445174,  10.83462805097341,  11.05242186721704,  11.16655751323166,  11.22289387699564,  11.25003621872350,  11.26297479968684
  28.54640507637660,  13.28320263547834,  10.31641415588570,  10.55103871793134,  10.92190718173540,  11.11921766476745,  11.20842365161888,  11.24678304649990,  11.26297479968684,  11.26975929521777,  11.27259352174859
  17.64161348786492,  10.55019837030316,  10.48784038445174,  10.92190718173540,  11.13687016983089,  11.22289387699564,  11.25545129907636,  11.26755036215383,  11.27201777814584,  11.27366346717851,  11.27426918240712
  12.37136574563218,  10.32279952252053,  10.83462805097341,  11.11921766476745,  11.22289387699564,  11.25769541545143,  11.26911265070660,  11.27283175320535,  11.27404048131311,  11.27443303612631,  11.27456049458427
  10.55019837030316,  10.61361059682075,  11.05242186721704,  11.20842365161888,  11.25545129907636,  11.26911265070660,  11.27304201249252,  11.27416904886329,  11.27449205318765,  11.27458460392942,  11.27461112085476
