2,2.5,3,3.5,4,4.5,5,5.5,6,6.5,7
14.05934603239604,14.05934603239604,14.05934603239604,14.05934603239604,14.05934603239604,14.05934603239604,14.05934603239604,14.05934603239604,14.05934603239604,14.05934603239604,14.05934603239604
14.08536575308579,14.09009562153915,14.09427401265574,14.09796477327864,14.10122445988763,14.10410314808825,14.10664515750467,14.10888969966096,14.11087145607382,14.11262109334129,14.11416572153234
14.10122445988763,14.10664515750467,14.11087145607382,14.11416572153234,14.11673300774421,14.11873344866019,14.12029202194999,14.12150622102596,14.12245207123076,14.12318884019903,14.12376272140262
14.11087145607382,14.11552930168689,14.11873344866019,14.12093697434902,14.12245207123076,14.12349368201176,14.12420971205426,14.12470189894782,14.12504020542567,14.12527273481503,14.12543255684428
14.11673300774421,14.12029202194999,14.12245207123076,14.12376272140262,14.12455785996975,14.12504020542567,14.12533278831136,14.12551025821107,14.12561790260767,14.12568319350784,14.12572279490900
14.12029202194999,14.12284343454044,14.12420971205426,14.12494120091936,14.12533278831136,14.12554240415240,14.12565460749914,14.12571466678949,14.12574681454529,14.12576402209475,14.12577323265969
14.12245207123076,14.12420971205426,14.12504020542567,14.12543255684428,14.12561790260767,14.12570545644145,14.12574681454529,14.12576635086438,14.12577557919801,14.12577993836083,14.12578199748504
14.12376272140262,14.12494120091936,14.12543255684428,14.12563740055223,14.12572279490900,14.12575839305871,14.12577323265969,14.12577941874039,14.12578199748504,14.12578307246618,14.12578352058507
14.12455785996975,14.12533278831136,14.12561790260767,14.12572279490900,14.12576138325453,14.12577557919801,14.12578080160520,14.12578272282298,14.12578342959972,14.12578368960838,14.12578378526022
14.12504020542567,14.12554240415240,14.12570545644145,14.12575839305871,14.12577557919801,14.12578115873486,14.12578297014677,14.12578355822628,14.12578374914776,14.12578381113089,14.12578383125387
14.12533278831136,14.12565460749914,14.12574681454529,14.12577323265969,14.12578080160520,14.12578297014677,14.12578359144453,14.12578376944933,14.12578382044857,14.12578383506009,14.12578383924636
