2,2.5,3,3.5,4,4.5,5,5.5,6,6.5,7
215.79454494700158,215.79454494700158,215.79454494700158,215.79454494700158,215.79454494700158,215.79454494700158,215.79454494700158,215.79454494700158,215.79454494700158,215.79454494700158,215.79454494700158
128.30224918992280,112.51889692301371, 98.62587708890688, 86.40666332401095, 75.67111550620709, 66.25253446704323, 58.00507327770268, 50.80144971169655, 44.53089831453704, 39.09728821614819, 34.41731450201731
 75.67111550620709, 58.00507327770268, 44.53089831453704, 34.41731450201731, 27.03794196460219, 21.90802512702797, 18.61019212899060, 16.72823903087449, 15.83732462279149, 15.55772847433142, 15.60728665650442
 44.53089831453704, 30.41865081631036, 21.90802512702797, 17.51901523537164, 15.83732462279149, 15.55472952338046, 15.80738494796447, 16.18463405891154, 16.53377562380759, 16.81352672044879, 17.02364310595295
 27.03794196460219, 18.61019212899060, 15.83732462279149, 15.60728665650442, 16.05777324470008, 16.53377562380759, 16.89081161204209, 17.13085955019640, 17.28471597030984, 17.38098664932044, 17.44044436730620
 18.61019212899060, 15.64133670621749, 15.80738494796447, 16.42434233290230, 16.89081161204209, 17.17616417196791, 17.33856609015668, 17.42817567401469, 17.47689534614117, 17.50318741026575, 17.51732162380056
 15.83732462279149, 15.80738494796447, 16.53377562380759, 17.02364310595295, 17.28471597030984, 17.41431400963454, 17.47689534614117, 17.50675704575062, 17.52092932641343, 17.52763865796225, 17.53081122406803
 15.60728665650442, 16.42434233290230, 17.02364310595295, 17.31323466931111, 17.44044436730620, 17.49457022154600, 17.51732162380056, 17.52683839469215, 17.53081122406803, 17.53246832655324, 17.53315928001941
 16.05777324470008, 16.89081161204209, 17.28471597030984, 17.44044436730620, 17.49914577200802, 17.52092932641343, 17.52896843169351, 17.53192928209888, 17.53301898181534, 17.53341992268035, 17.53356742907217
 16.53377562380759, 17.17616417196791, 17.41431400963454, 17.49457022154600, 17.52092932641343, 17.52951867629092, 17.53231057454499, 17.53321732347533, 17.53351173887375, 17.53360732547150, 17.53363835830864
 16.89081161204209, 17.33856609015668, 17.47689534614117, 17.51732162380056, 17.52896843169351, 17.53231057454499, 17.53326854723288, 17.53354304651452, 17.53362169479017, 17.53364422813766, 17.53365068406945
