2,2.5,3,3.5,4,4.5,5,5.5,6,6.5,7
1016.61209175893543,1016.61209175893543,1016.61209175893543,1016.61209175893543,1016.61209175893543,1016.61209175893543,1016.61209175893543,1016.61209175893543,1016.61209175893543,1016.61209175893543,1016.61209175893543
 611.97892963126299, 538.73649276073525, 474.12697910165082, 417.13980173345351, 366.88369551946874, 322.57278992665039, 283.51433429829439, 249.09788374966757, 218.78577628816035, 192.10475113001232, 168.63857451347340
 366.88369551946874, 283.51433429829439, 218.78577628816035, 168.63857451347340, 129.93281886917705, 100.25120321769532,  77.74488584621309,  61.00735740896321,  48.95879536567882,  40.72469305245894,  35.51533608213794
 218.78577628816035, 148.02155240245582, 100.25120321769532,  68.72880047543627,  48.95879536567882,  37.79050767900689,  32.55708795895805,  30.78251953396794,  30.60622836596997,  30.99487324495394,  31.49537930128157
 129.93281886917705,  77.74488584621309,  48.95879536567882,  35.51533608213794,  31.12231532843869,  30.60622836596997,  31.16116809325022,  31.80450837764545,  32.30093236210499,  32.63925112760946,  32.85769615526137
  77.74488584621309,  44.41504587985092,  32.55708795895805,  30.56643602732192,  31.16116809325022,  31.94458785679242,  32.48774449320981,  32.81205818573046,  32.99495832295359,  33.09547479814649,  33.15001950686576
  48.95879536567882,  32.55708795895805,  30.60622836596997,  31.49537930128157,  32.30093236210499,  32.76084276204696,  32.99495832295359,  33.10921700955984,  33.16399791024430,  33.19005400449085,  33.20240195536808
  35.51533608213794,  30.56643602732192,  31.49537930128157,  32.39907917109321,  32.85769615526137,  33.06239398934695,  33.15001950686576,  33.18694204052933,  33.20240195536808,  33.20885845663104,  33.21155198447155
  31.12231532843869,  31.16116809325022,  32.30093236210499,  32.85769615526137,  33.07994275820303,  33.16399791024430,  33.19522750741635,  33.20675768155745,  33.21100499692226,  33.21256825458882,  33.21314344746451
  30.60622836596997,  31.94458785679242,  32.76084276204696,  33.06239398934695,  33.16399791024430,  33.19736913357802,  33.20824361060635,  33.21177829124507,  33.21292628228249,  33.21329902764295,  33.21342004532249
  31.16116809325022,  32.48774449320981,  32.99495832295359,  33.15001950686576,  33.19522750741635,  33.20824361060635,  33.21197801336537,  33.21304836647740,  33.21335506297163,  33.21344293587713,  33.21346811212317
