2,2.5,3,3.5,4,4.5,5,5.5,6,6.5,7
13.47982646968319,13.47982646968319,13.47982646968319,13.47982646968319,13.47982646968319,13.47982646968319,13.47982646968319,13.47982646968319,13.47982646968319,13.47982646968319,13.47982646968319
13.87849108930767,13.98767815834767,14.09298057702138,14.19272104638894,14.28593519449237,14.37216223791754,14.45129051626526,14.52344449485132,14.58890277699536,14.64803913467654,14.70128053169437
14.28593519449237,14.45129051626526,14.58890277699536,14.70128053169437,14.79188445267564,14.86428263027225,14.92176334036461,14.96718688826132,15.00295790023656,15.03105429846786,15.05307926861555
14.58890277699536,14.74907763350965,14.86428263027225,14.94582145842003,15.00295790023656,15.04273856772929,15.07031896426310,15.08938719100862,15.10254551689822,15.11161403101141,15.11785848112544
14.79188445267564,14.92176334036461,15.00295790023656,15.05307926861555,15.08379761364938,15.10254551689822,15.11395930141977,15.12089774720696,15.12511187071256,15.12766997678764,15.12922232270628
14.92176334036461,15.01785711937418,15.07031896426310,15.09869041592262,15.11395930141977,15.12215577142841,15.12654978174531,15.12890365971857,15.13016415353589,15.13083900585874,15.13120027371032
15.00295790023656,15.07031896426310,15.10254551689822,15.11785848112544,15.12511187071256,15.12854259707617,15.13016415353589,15.13093034473950,15.13129231740061,15.13146331223690,15.13154408694556
15.05307926861555,15.09869041592262,15.11785848112544,15.12587563982309,15.12922232270628,15.13061823226676,15.13120027371032,15.13144292896595,15.13154408694556,15.13158625659849,15.13160383565260
15.08379761364938,15.11395930141977,15.12511187071256,15.12922232270628,15.13073550779489,15.13129231740061,15.13149717514060,15.13157254065372,15.13160026642332,15.13161046621087,15.13161421850937
15.10254551689822,15.12215577142841,15.12854259707617,15.13061823226676,15.13129231740061,15.13151118451775,15.13158224276676,15.13160531226605,15.13161280186369,15.13161523338296,15.13161602278200
15.11395930141977,15.12654978174531,15.13016415353589,15.13120027371032,15.13149717514060,15.13158224276676,15.13160661537329,15.13161359826854,15.13161559890371,15.13161617209546,15.13161633631766
