2,2.5,3,3.5,4,4.5,5,5.5,6,6.5,7
2269.06353711144948,2269.06353711144948,2269.06353711144948,2269.06353711144948,2269.06353711144948,2269.06353711144948,2269.06353711144948,2269.06353711144948,2269.06353711144948,2269.06353711144948,2269.06353711144948
1369.66074429172613,1206.75466195865761,1062.99220305275503, 936.12416324578658, 824.16566047294884, 725.36508166236001, 638.17667932155098, 561.23638933438633, 493.34049174906175, 433.42678085864793, 380.55795019096485
 824.16566047294884, 638.17667932155098, 493.34049174906175, 380.55795019096485, 292.74396759607424, 224.38257361932654, 171.18069973260742, 129.79907226457249,  97.64356856296570,  72.70447449589876,  53.43472115389270
 493.34049174906175, 333.90693275570402, 224.38257361932654, 149.18986033249436,  97.64356856296570,  62.44217544265708,  38.66201299202964,  23.15417492938585,  14.31719743037998,  11.49801739434617,  12.46236894982034
 292.74396759607424, 171.18069973260742,  97.64356856296570,  53.43472115389270,  27.53453122982695,  14.31719743037998,  11.57151227162814,  13.71368520598181,  16.02201413232205,  17.64942838913811,  18.69710791883767
 171.18069973260742,  84.37831668170644,  38.66201299202964,  16.56054025881039,  11.57151227162814,  14.34340940201240,  16.92002805979791,  18.47884862685314,  19.35096809050579,  19.82699100286787,  20.08421477984527
  97.64356856296570,  38.66201299202964,  14.31719743037998,  12.46236894982034,  16.02201413232205,  18.23347676592981,  19.35096809050579,  19.89187119810922,  20.15000630030326,  20.27250089283442,  20.33048553966136
  53.43472115389270,  16.56054025881039,  12.46236894982034,  16.49327759788568,  18.69710791883767,  19.67060803415787,  20.08421477984527,  20.25788078409840,  20.33048553966136,  20.36078770013159,  20.37342573952628
  27.53453122982695,  11.57151227162814,  16.02201413232205,  18.69710791883767,  19.75360142035888,  20.15000630030326,  20.29680025167613,  20.35092945234567,  20.37085943657600,  20.37819355471110,  20.38089193500478
  14.31719743037998,  14.34340940201240,  18.23347676592981,  19.67060803415787,  20.15000630030326,  20.30685705748197,  20.35790255703450,  20.37448747916555,  20.37987316718238,  20.38162178643263,  20.38218949498431
  11.57151227162814,  16.92002805979791,  19.35096809050579,  20.08421477984527,  20.29680025167613,  20.35790255703450,  20.37542448249620,  20.38044589159797,  20.38188465543698,  20.38229687688012,  20.38241498101516
