2,2.5,3,3.5,4,4.5,5,5.5,6,6.5,7
971.42415280970022,971.42415280970022,971.42415280970022,971.42415280970022,971.42415280970022,971.42415280970022,971.42415280970022,971.42415280970022,971.42415280970022,971.42415280970022,971.42415280970022
585.53976966038408,515.67209954912016,454.02919249867381,399.64674277391981,351.67406996025773,309.36081850965485,272.04522903747028,239.14379826296886,210.14216619123917,184.58708822438049,162.07936658640810
351.67406996025773,272.04522903747028,210.14216619123917,162.07936658640810,124.84286177434866, 96.10165066533592, 74.06168335050459, 57.35173869773358, 44.93014802509792, 35.99894928404704, 29.91251856591617
210.14216619123917,142.26762987991097, 96.10165066533592, 65.11228076737372, 44.93014802509792, 32.63719147771854, 26.08515117516961, 23.32000612112576, 22.59003542817151, 22.71118080647165, 23.08770314017786
124.84286177434866, 74.06168335050459, 44.93014802509792, 29.91251856591617, 23.93789917234404, 22.59003542817151, 22.82520890158800, 23.35359806360850, 23.80721292848344, 24.12849623658323, 24.33963385843054
 74.06168335050459, 40.07103519931538, 26.08515117516961, 22.69418038352452, 22.82520890158800, 23.47887963654825, 23.98366198447484, 24.29531713021619, 24.47351495629630, 24.57207876011334, 24.62573531996084
 44.93014802509792, 26.08515117516961, 22.59003542817151, 23.08770314017786, 23.80721292848344, 24.24570922193188, 24.47351495629630, 24.58558617382770, 24.63950470090809, 24.66519093259389, 24.67737247092177
 29.91251856591617, 22.69418038352452, 23.08770314017786, 23.89959877883554, 24.33963385843054, 24.53959433992877, 24.62573531996084, 24.66212180254270, 24.67737247092177, 24.68374420241513, 24.68640281902355
 23.93789917234404, 22.82520890158800, 23.80721292848344, 24.33963385843054, 24.55682120824541, 24.63950470090809, 24.67029402414402, 24.68167084076616, 24.68586289952650, 24.68740598623868, 24.68797377984559
 22.59003542817151, 23.47887963654825, 24.24570922193188, 24.53959433992877, 24.63950470090809, 24.67240679370214, 24.68313736284520, 24.68662620471882, 24.68775940684812, 24.68812736072558, 24.68824682386820
 22.82520890158800, 23.98366198447484, 24.47351495629630, 24.62573531996084, 24.67029402414402, 24.68313736284520, 24.68682335046437, 24.68787992114240, 24.68818267618380, 24.68826942044170, 24.68829427337385
