2,2.5,3,3.5,4,4.5,5,5.5,6,6.5,7
258.522296828292951,258.522296828292951,258.522296828292951,258.522296828292951,258.522296828292951,258.522296828292951,258.522296828292951,258.522296828292951,258.522296828292951,258.522296828292951,258.522296828292951
155.608420277059935,136.984021298512943,120.557019142467439,106.070491787778877, 93.297898399801667, 82.039540012667317, 72.119440909182728, 63.382601731243597, 55.692580895626143, 48.929365549429988, 42.987497029486889
 93.297898399801667, 72.119440909182728, 55.692580895626143, 42.987497029486889, 33.209013709333135, 25.746287331233560, 20.132676317476008, 16.011339829437553, 13.101838342480642, 11.165948178969487,  9.980359625752605
 55.692580895626143, 37.774418476426071, 25.746287331233560, 17.904389948841487, 13.101838342480642, 10.493085600631071,  9.331015699862425,  8.963052525263640,  8.944777979163222,  9.045162200802945,  9.165993332661587
 33.209013709333135, 20.132676317476008, 13.101838342480642,  9.980359625752605,  9.029883538621743,  8.944777979163222,  9.085711066026899,  9.239455811565900,  9.356593958650988,  9.436088605733914,  9.487328954609065
 20.132676317476008, 12.026295248116389,  9.331015699862425,  8.929855186248988,  9.085711066026899,  9.272590523515003,  9.400513120779125,  9.476628150802217,  9.519501145958529,  9.543050877382449,  9.555827027701781
 13.101838342480642,  9.331015699862425,  8.944777979163222,  9.165993332661587,  9.356593958650988,  9.464616966524151,  9.519501145958529,  9.546269937305597,  9.559100918030532,  9.565203213715597,  9.568094943793430
  9.980359625752605,  8.929855186248988,  9.165993332661587,  9.379676281092896,  9.487328954609065,  9.535301287959843,  9.555827027701781,  9.564474418034994,  9.568094943793430,  9.569606937709169,  9.570237705399276
  9.029883538621743,  9.085711066026899,  9.356593958650988,  9.487328954609065,  9.539412400666579,  9.559100918030532,  9.566414791844286,  9.569114977415547,  9.570109612727803,  9.570475693464452,  9.570610390701464
  8.944777979163222,  9.272590523515003,  9.464616966524151,  9.535301287959843,  9.559100918030532,  9.566916332837213,  9.569462953096840,  9.570290701508878,  9.570559535521211,  9.570646824048614,  9.570675163633425
  9.085711066026899,  9.400513120779125,  9.519501145958529,  9.555827027701781,  9.566414791844286,  9.569462953096840,  9.570337472048564,  9.570588124885267,  9.570659946247618,  9.570680524079142,  9.570686419781307
