2,2.5,3,3.5,4,4.5,5,5.5,6,6.5,7
227.63574048044157,227.63574048044157,227.63574048044157,227.63574048044157,227.63574048044157,227.63574048044157,227.63574048044157,227.63574048044157,227.63574048044157,227.63574048044157,227.63574048044157
135.81890760960243,119.30927976851022,104.80656399896316, 92.08491094284302, 80.94643661767469, 71.21804402893001, 62.74855208939140, 55.40604145875454, 49.07531677074865, 43.65538012879339, 39.05682548688345
 80.94643661767469, 62.74855208939140, 49.07531677074865, 39.05682548688345, 32.00783273949811, 27.34260305502337, 24.50851343902888, 22.97568834486134, 22.28150667495844, 22.07541991739295, 22.12465899240792
 49.07531677074865, 35.19911782192651, 27.34260305502337, 23.61061128442654, 22.28150667495844, 22.07864965178115, 22.28976470465760, 22.59684478035004, 22.88145255678076, 23.11051514966095, 23.28327293483951
 32.00783273949811, 24.50851343902888, 22.28150667495844, 22.12465899240792, 22.49365033009943, 22.88145255678076, 23.17398496460191, 23.37167510805348, 23.49883357936452, 23.57858112640546, 23.62790452232522
 24.50851343902888, 22.13455605993100, 22.28976470465760, 22.79211509012521, 23.17398496460191, 23.40908122347899, 23.54342392308416, 23.61772255800571, 23.65816928165483, 23.68001184430793, 23.69175844546249
 22.28150667495844, 22.28976470465760, 22.88145255678076, 23.28327293483951, 23.49883357936452, 23.60622133000843, 23.65816928165483, 23.68297819294959, 23.69475720926069, 23.70033461247670, 23.70297217637283
 22.12465899240792, 22.79211509012521, 23.28327293483951, 23.52244287023705, 23.62790452232522, 23.67285180856489, 23.69175844546249, 23.69966932506602, 23.70297217637283, 23.70434989646756, 23.70492436972228
 22.49365033009943, 23.17398496460191, 23.49883357936452, 23.62790452232522, 23.67665349919081, 23.69475720926069, 23.70144012251130, 23.70390172863878, 23.70480772225099, 23.70514107541544, 23.70526371686987
 22.88145255678076, 23.40908122347899, 23.60622133000843, 23.67285180856489, 23.69475720926069, 23.70189757737058, 23.70421873915264, 23.70497262860606, 23.70521741424785, 23.70529688804858, 23.70532268978700
 23.17398496460191, 23.54342392308416, 23.65816928165483, 23.69175844546249, 23.70144012251130, 23.70421873915264, 23.70501521745282, 23.70524344442143, 23.70530883517875, 23.70532757016077, 23.70533293784075
