2,2.5,3,3.5,4,4.5,5,5.5,6,6.5,7
2563.71454770572245,2563.71454770572245,2563.71454770572245,2563.71454770572245,2563.71454770572245,2563.71454770572245,2563.71454770572245,2563.71454770572245,2563.71454770572245,2563.71454770572245,2563.71454770572245
1551.67196703884815,1368.36342400411627,1206.59586054982992,1063.83837022117427, 937.85746723641034, 826.68214318593073, 728.57303039244073, 641.99518951388097, 565.59409568263436, 498.17444752894170, 438.68146761723159
 937.85746723641034, 728.57303039244073, 565.59409568263436, 438.68146761723159, 339.86195961214571, 262.92753540202744, 203.04539276087428, 156.45452270040818, 120.22973001755909,  92.09836991004714,  70.29840791183877
 565.59409568263436, 386.18440182356579, 262.92753540202744, 178.28858869528938, 120.22973001755909,  80.50032710475186,  53.46903570107683,  35.33365345376629,  23.59153149767099,  16.64421821556611,  13.32292046549349
 339.86195961214571, 203.04539276087428, 120.22973001755909,  70.29840791183877,  40.56703420826479,  23.59153149767099,  15.19159689892499,  12.50447256885796,  12.51135152959666,  13.16463306277250,  13.77002459893231
 203.04539276087428, 105.27304300810805,  53.46903570107683,  26.90820196556153,  15.19159689892499,  12.36244832462131,  12.82242817889007,  13.63411722721582,  14.20421119026563,  14.54332171717169,  14.73382011227756
 120.22973001755909,  53.46903570107683,  23.59153149767099,  13.32292046549349,  12.51135152959666,  13.48720042196786,  14.20421119026563,  14.59091097629798,  14.78331424835009,  14.87627269834820,  14.92063555335465
  70.29840791183877,  26.90820196556153,  13.32292046549349,  12.65799911288697,  13.77002459893231,  14.42993343585383,  14.73382011227756,  14.86512333304071,  14.92063555335465,  14.94390958787098,  14.95363464078047
  40.56703420826479,  15.19159689892499,  12.51135152959666,  13.77002459893231,  14.48987488784261,  14.78331424835009,  14.89483581988784,  14.93633103489021,  14.95165898916713,  14.95730628085153,  14.95938494550891
  23.59153149767099,  12.36244832462131,  13.48720042196786,  14.42993343585383,  14.78331424835009,  14.90253032427420,  14.94169095178434,  14.95445214289586,  14.95860009291113,  14.95994726124285,  14.96038467819684
  15.19159689892499,  12.82242817889007,  14.20421119026563,  14.73382011227756,  14.89483581988784,  14.94169095178434,  14.95517366503311,  14.95904130782797,  14.96014979798668,  14.96046741789588,  14.96055842016314
