2,2.5,3,3.5,4,4.5,5,5.5,6,6.5,7
15.732833921925295,15.732833921925295,15.732833921925295,15.732833921925295,15.732833921925295,15.732833921925295,15.732833921925295,15.732833921925295,15.732833921925295,15.732833921925295,15.732833921925295
11.397895863023990,10.776695931204475,10.290712109320907, 9.917509931051613, 9.636631321289958, 9.429931977526921, 9.281766680117906, 9.178998268711512, 9.110855077578034, 9.068686270781376, 9.045667057732308
 9.636631321289958, 9.281766680117906, 9.110855077578034, 9.045667057732308, 9.037108020390836, 9.056158086590347, 9.086506543152131, 9.119460122255951, 9.150715767381326, 9.178414355113151, 9.202003440113927
 9.110855077578034, 9.036495460403518, 9.056158086590347, 9.103001789523706, 9.150715767381326, 9.190726133018547, 9.221588758764774, 9.244372933214649, 9.260769425416527, 9.272384853488338, 9.280530950409084
 9.037108020390836, 9.086506543152131, 9.150715767381326, 9.202003440113927, 9.237573472530425, 9.260769425416527, 9.275430259489614, 9.284539097458785, 9.290143313801952, 9.293571605141949, 9.295661684304005
 9.086506543152131, 9.165065455739924, 9.221588758764774, 9.255909241194731, 9.275430259489614, 9.286206430331177, 9.292067910909207, 9.295232041130348, 9.296933320473514, 9.297846137930332, 9.298335360639658
 9.150715767381326, 9.221588758764774, 9.260769425416527, 9.280530950409084, 9.290143313801952, 9.294745603294910, 9.296933320473514, 9.297969790249491, 9.298460067604067, 9.298691810753047, 9.298801312495362
 9.202003440113927, 9.255909241194731, 9.280530950409084, 9.291164811791695, 9.295661684304005, 9.297547364150333, 9.298335360639658, 9.298664181406892, 9.298801312495362, 9.298858487350818, 9.298882323133867
 9.237573472530425, 9.275430259489614, 9.290143313801952, 9.295661684304005, 9.297706055258807, 9.298460067604067, 9.298737714395601, 9.298839890280792, 9.298877483470694, 9.298891313879597, 9.298896401890286
 9.260769425416527, 9.286206430331177, 9.294745603294910, 9.297547364150333, 9.298460067604067, 9.298756706142807, 9.298853045048675, 9.298884325345362, 9.298894480953791, 9.298897778037485, 9.298898848448095
 9.275430259489614, 9.292067910909207, 9.296933320473514, 9.298335360639658, 9.298737714395601, 9.298853045048675, 9.298886092296865, 9.298895560858321, 9.298898273676668, 9.298899050914606, 9.298899273597206
