2,2.5,3,3.5,4,4.5,5,5.5,6,6.5,7
12.05052343993948,12.05052343993948,12.05052343993948,12.05052343993948,12.05052343993948,12.05052343993948,12.05052343993948,12.05052343993948,12.05052343993948,12.05052343993948,12.05052343993948
12.12920897578804,12.14383421555667,12.15683510866980,12.16838145563444,12.17862783796738,12.18771433669625,12.19576741013963,12.20290085615894,12.20921680594387,12.21480671259433,12.21975230970840
12.17862783796738,12.19576741013963,12.20921680594387,12.21975230970840,12.22799433186822,12.23443559848735,12.23946561020605,12.24339119435235,12.24645341531966,12.24884128935059,12.25070279447379
12.20921680594387,12.22412652394165,12.23443559848735,12.24155002300769,12.24645341531966,12.24982993918336,12.25215364371191,12.25375214355578,12.25485145653355,12.25560732422983,12.25612697591162
12.22799433186822,12.23946561020605,12.24645341531966,12.25070279447379,12.25328423777864,12.25485145653355,12.25580257223182,12.25637965515250,12.25672974796999,12.25694211734054,12.25707093593333
12.23946561020605,12.24772154789503,12.25215364371191,12.25452969672587,12.25580257223182,12.25648419869262,12.25684913449886,12.25704449561302,12.25714907205954,12.25720504985401,12.25723501319738
12.24645341531966,12.25215364371191,12.25485145653355,12.25612697591162,12.25672974796999,12.25701453519163,12.25714907205954,12.25721262565649,12.25724264689270,12.25725682806396,12.25726352680694
12.25070279447379,12.25452969672587,12.25612697591162,12.25679316640074,12.25707093593333,12.25718673793067,12.25723501319738,12.25725513763747,12.25726352680694,12.25726702394257,12.25726848176725
12.25328423777864,12.25580257223182,12.25672974796999,12.25707093593333,12.25719646537689,12.25724264689270,12.25725963636846,12.25726588648053,12.25726818577277,12.25726903163572,12.25726934281139
12.25485145653355,12.25648419869262,12.25701453519163,12.25718673793067,12.25724264689270,12.25726079818271,12.25726669107621,12.25726860422204,12.25726922532991,12.25726942697416,12.25726949243846
12.25580257223182,12.25684913449886,12.25714907205954,12.25723501319738,12.25725963636846,12.25726669107621,12.25726871228802,12.25726929137524,12.25726945728653,12.25726950482092,12.25726951843975
