2,2.5,3,3.5,4,4.5,5,5.5,6,6.5,7
1150.449480695253897,1150.449480695253897,1150.449480695253897,1150.449480695253897,1150.449480695253897,1150.449480695253897,1150.449480695253897,1150.449480695253897,1150.449480695253897,1150.449480695253897,1150.449480695253897
 695.385558185233549, 612.962728804938138, 540.226491251376274, 476.038868670527791, 419.395632474858189, 369.410591451864775, 325.301727791606254, 286.378963180635594, 252.033363629130463, 221.727614228965137, 194.987614937051575
 419.395632474858189, 325.301727791606254, 252.033363629130463, 194.987614937051575, 150.580927598548811, 116.024089823750685,  89.147186716735646,  68.263594198434703,  52.064554913019052,  39.537843337319181,  29.905558247629578
 252.033363629130463, 171.395066053800065, 116.024089823750685,  78.045822980684221,  52.064554913019052,  34.400736602485281,  22.577107094924873,  14.977555753550199,  10.586619315468495,   8.634797213167898,   8.215571797540854
 150.580927598548811,  89.147186716735646,  52.064554913019052,  29.905558247629578,  17.113432517798110,  10.586619315468495,   8.373568668819070,   8.340919001388032,   8.854472415575257,   9.334249986867349,   9.677863683155858
  89.147186716735646,  45.395652595373562,  22.577107094924873,  11.741000323846723,   8.373568668819070,   8.454797974878829,   9.110122927662028,   9.604365679980992,   9.903511465408293,  10.072569833663612,  10.165477647145364
  52.064554913019052,  22.577107094924873,  10.586619315468495,   8.215571797540854,   8.854472415575257,   9.522898874532624,   9.903511465408293,  10.095904219828981,  10.189409170083238,  10.234144442149557,  10.255400354499484
  29.905558247629578,  11.741000323846723,   8.215571797540854,   8.985610596624923,   9.677863683155858,  10.016609491491606,  10.165477647145364,  10.228793077325435,  10.255400354499484,  10.266528648903192,  10.271173968729924
  17.113432517798110,   8.373568668819070,   8.854472415575257,   9.677863683155858,  10.046257743260492,  10.189409170083238,  10.243045864706090,  10.262906749849172,  10.270230488188808,  10.272927079086598,  10.273919415531369
  10.586619315468495,   8.454797974878829,   9.522898874532624,  10.016609491491606,  10.189409170083238,  10.246732525558958,  10.265468502592066,  10.271564337555199,  10.273544748195048,  10.274187839015717,  10.274396635381393
   8.373568668819070,   9.110122927662028,   9.903511465408293,  10.165477647145364,  10.243045864706090,  10.265468502592066,  10.271908858710082,  10.273755374385946,  10.274284518469674,  10.274436129690701,  10.274479567763519
