2,2.5,3,3.5,4,4.5,5,5.5,6,6.5,7
3886.839514094685910,3886.839514094685910,3886.839514094685910,3886.839514094685910,3886.839514094685910,3886.839514094685910,3886.839514094685910,3886.839514094685910,3886.839514094685910,3886.839514094685910,3886.839514094685910
2352.498329098326849,2074.583543045778697,1829.325112982912287,1612.885884958071529,1421.879592092104303,1253.317875346911478,1104.563529738462421, 973.289244525082381, 857.441191860249887, 755.206894259353930, 664.986868179096973
1421.879592092104303,1104.563529738462421, 857.441191860249887, 664.986868179096973, 515.109463605890141, 398.392882415653048, 307.504487997825834, 236.734485750456230, 181.637311873140476, 138.752538352535311, 105.387837862369324
 857.441191860249887, 585.369600094401335, 398.392882415653048, 269.908554448202494, 181.637311873140476, 121.023334739874201,  79.450529449738326,  51.023651320544388,  31.749306452465909,  19.027278513650753,  11.439856293425638
 515.109463605890141, 307.504487997825834, 181.637311873140476, 105.387837862369324,  59.317446358309923,  31.749306452465909,  15.963767196789167,   9.006463822207136,   8.938285635118365,  10.838090691438989,  12.423647262452452
 307.504487997825834, 158.852464768753890,  79.450529449738326,  37.342677021111378,  15.963767196789167,   8.515603492911019,   9.871896511970730,  12.079275158650823,  13.487131066177014,  14.284623243040320,  14.721783493725804
 181.637311873140476,  79.450529449738326,  31.749306452465909,  11.439856293425638,   8.938285635118365,  11.699961414223571,  13.487131066177014,  14.394518769770325,  14.834199233552177,  15.044100408595563,  15.143719531932271
 105.387837862369324,  37.342677021111378,  11.439856293425638,   9.385270527900916,  12.423647262452452,  14.020849513875003,  14.721783493725804,  15.019008441899482,  15.143719531932271,  15.195843087964636,  15.217594784434503
  59.317446358309923,  15.963767196789167,   8.938285635118365,  12.423647262452452,  14.160635038247714,  14.834199233552177,  15.085827620014856,  15.178880927978421,  15.213177247238484,  15.225802729102657,  15.230448540359383
  31.749306452465909,   8.515603492911019,  11.699961414223571,  14.020849513875003,  14.834199233552177,  15.103105672472113,  15.190878424374377,  15.219422512032704,  15.228694484680302,  15.231705185805309,  15.232682673412103
  15.963767196789167,   9.871896511970730,  13.487131066177014,  14.721783493725804,  15.085827620014856,  15.190878424374377,  15.221035556023766,  15.229680562670564,  15.232157795066870,  15.232867566554665,  15.233070922159675
