2,2.5,3,3.5,4,4.5,5,5.5,6,6.5,7
4442.25057920090876,4442.25057920090876,4442.25057920090876,4442.25057920090876,4442.25057920090876,4442.25057920090876,4442.25057920090876,4442.25057920090876,4442.25057920090876,4442.25057920090876,4442.25057920090876
2682.53910799981895,2363.80467036358050,2082.52397320544196,1834.29628842592410,1615.23801653234818,1421.92192708051107,1251.32353939809263,1100.77380476907774, 967.91734987135567, 850.67562830054533, 747.21440384729897
1615.23801653234818,1251.32353939809263, 967.91734987135567, 747.21440384729897, 575.34926628908909, 441.52514759857257, 337.33584990032529, 256.23812962791396, 193.14154297448496, 144.09046848752860, 106.01937988293415
 967.91734987135567, 655.91505703005487, 441.52514759857257, 294.24862151276255, 193.14154297448496, 123.84466861183239,  76.56854050950093,  44.79560318115902,  24.71653324906056,  15.62757027350388,  16.49610399492321
 575.34926628908909, 337.33584990032529, 193.14154297448496, 106.01937988293415,  53.95514598042714,  24.71653324906056,  15.09833232666863,  19.18507669696546,  24.29066628722730,  27.83996016749780,  30.09696712115383
 337.33584990032529, 167.07034125703061,  76.56854050950093,  30.22542675591720,  15.09833232666863,  20.57964900477105,  26.25587928372160,  29.62847742229326,  31.49539893437664,  32.50893887690848,  33.05510544658993
 193.14154297448496,  76.56854050950093,  24.71653324906056,  16.49610399492321,  24.29066628722730,  29.10073980971879,  31.49539893437664,  32.64679759789725,  33.19463666249160,  33.45424860855064,  33.57706090894958
 106.01937988293415,  30.22542675591720,  16.49610399492321,  25.32403155432478,  30.09696712115383,  32.17637766079984,  33.05510544658993,  33.42327504442224,  33.57706090894958,  33.64122131601535,  33.66797648232030
  53.95514598042714,  15.09833232666863,  24.29066628722730,  30.09696712115383,  32.35291868655140,  33.19463666249160,  33.50572112765705,  33.62034941517246,  33.66254372234069,  33.67806949534637,  33.68378156121985
  24.71653324906056,  20.57964900477105,  29.10073980971879,  32.17637766079984,  33.19463666249160,  33.52702153124715,  33.63511303532578,  33.67022411376092,  33.68162499542422,  33.68532652852532,  33.68652826236989
  15.09833232666863,  26.25587928372160,  31.49539893437664,  33.05510544658993,  33.50572112765705,  33.63511303532578,  33.67220767291388,  33.68283736176430,  33.68588297410958,  33.68675556941463,  33.68700557320241
