2,2.5,3,3.5,4,4.5,5,5.5,6,6.5,7
440.767709241100306,440.767709241100306,440.767709241100306,440.767709241100306,440.767709241100306,440.767709241100306,440.767709241100306,440.767709241100306,440.767709241100306,440.767709241100306,440.767709241100306
265.559604297464261,233.826083433174233,205.822430283343266,181.110527241483766,159.303760108658452,140.060970223319032,123.081118022741194,108.098574631356357, 94.878967926561145, 83.215518248066132, 72.925806633184322
159.303760108658452,123.081118022741194, 94.878967926561145, 72.925806633184322, 55.842966223458937, 42.558174036550561, 32.238504966671130, 24.238638519572625, 18.061406666900016, 13.328576372943546,  9.760602608777672
 94.878967926561145, 63.848925304467727, 42.558174036550561, 27.982753145462638, 18.061406666900016, 11.412985772718494,  7.163796075833099,  4.837289594371303,  4.080188067903711,  4.228839728117265,  4.637596962495380
 55.842966223458937, 32.238504966671130, 18.061406666900016,  9.760602608777672,  5.417546389962550,  4.080188067903711,  4.356574441155753,  4.907753823942679,  5.342414076827431,  5.634123355484386,  5.819728960057506
 32.238504966671130, 15.534045721958252,  7.163796075833099,  4.192243755133458,  4.356574441155753,  5.030820893251106,  5.504091446829299,  5.781140842331564,  5.935173918784219,  6.019124223150868,  6.064469815468821
 18.061406666900016,  7.163796075833099,  4.080188067903711,  4.637596962495380,  5.342414076827431,  5.737716928845153,  5.935173918784219,  6.030562675947891,  6.076066971499628,  6.097658500670344,  6.107878946972384
  9.760602608777672,  4.192243755133458,  4.637596962495380,  5.427530624845672,  5.819728960057506,  5.991550720115353,  6.064469815468821,  6.095081523982086,  6.107878946972384,  6.113220009786624,  6.115447587704949
  5.417546389962550,  4.356574441155753,  5.342414076827431,  5.819728960057506,  6.006184718472849,  6.076066971499628,  6.101941548586914,  6.111482395615397,  6.114995251911770,  6.116287961176949,  6.116763576650035
  4.080188067903711,  5.030820893251106,  5.737716928845153,  5.991550720115353,  6.076066971499628,  6.103714173294740,  6.112711474800671,  6.115634729593450,  6.116584009034550,  6.116892219968832,  6.116992284045776
  4.356574441155753,  5.504091446829299,  5.935173918784219,  6.064469815468821,  6.101941548586914,  6.112711474800671,  6.115799885488910,  6.116684957216020,  6.116938553152348,  6.117011211134409,  6.117032028120370
