2,2.5,3,3.5,4,4.5,5,5.5,6,6.5,7
230.126396668728347,230.126396668728347,230.126396668728347,230.126396668728347,230.126396668728347,230.126396668728347,230.126396668728347,230.126396668728347,230.126396668728347,230.126396668728347,230.126396668728347
136.396234439516348,119.439175393315665,104.486020750680225, 91.303168637455556, 79.684822579300942, 69.449806926777114, 60.438779155840670, 52.511799140915571, 45.546221906260612, 39.434885925535490, 34.084573026661431
 79.684822579300942, 60.438779155840670, 45.546221906260612, 34.084573026661431, 25.356328053506793, 18.850518408626925, 14.212305041695423, 11.198165914619752,  9.577785796011234,  9.015307235657177,  9.093396507585133
 45.546221906260612, 29.414716582241553, 18.850518408626925, 12.515313287250823,  9.577785796011234,  8.999152024744706,  9.465144611966542, 10.151683165602320, 10.764812812187134, 11.241926163275830, 11.592818437184913
 25.356328053506793, 14.212305041695423,  9.577785796011234,  9.093396507585133,  9.923635155903023, 10.764812812187134, 11.371701421995985, 11.769585733174738, 12.020709778075943, 12.176387536488260, 12.271997291628688
 14.212305041695423,  9.190221297867128,  9.465144611966542, 10.574845507789165, 11.371701421995985, 11.843836640167464, 12.107924425250033, 12.252301944963092, 12.330413009757621, 12.372455929573732, 12.395025891417799
  9.577785796011234,  9.465144611966542, 10.764812812187134, 11.592818437184913, 12.020709778075943, 12.230028741336934, 12.330413009757621, 12.378158119881551, 12.400783256655798, 12.411486562379860, 12.416545993450502
  9.093396507585133, 10.574845507789165, 11.592818437184913, 12.066941018359625, 12.271997291628688, 12.358684884595936, 12.395025891417799, 12.410210172885435, 12.416545993450502, 12.419188209219026, 12.420289831423426
  9.923635155903023, 11.371701421995985, 12.020709778075943, 12.271997291628688, 12.365998052115549, 12.400783256655798, 12.413607345550780, 12.418328746957913, 12.420066151101256, 12.420705373675295, 12.420940539625944
 10.764812812187134, 11.843836640167464, 12.230028741336934, 12.358684884595936, 12.400783256655798, 12.414484843742652, 12.418936689848405, 12.420382370672771, 12.420851754340090, 12.421004145102193, 12.421053619581382
 11.371701421995985, 12.107924425250033, 12.330413009757621, 12.395025891417799, 12.413607345550780, 12.418936689848405, 12.420464036903853, 12.420901667255498, 12.421027053576896, 12.421062977616057, 12.421073270046662
