2,2.5,3,3.5,4,4.5,5,5.5,6,6.5,7
2215.789629274606796,2215.789629274606796,2215.789629274606796,2215.789629274606796,2215.789629274606796,2215.789629274606796,2215.789629274606796,2215.789629274606796,2215.789629274606796,2215.789629274606796,2215.789629274606796
1339.664900635732693,1180.972646338417462,1040.927498055571505, 917.338400787984824, 808.271760642125969, 712.021193164585497, 627.080826478645122, 552.121741550229785, 485.971180994988686, 427.594201157067687, 376.077480421408097
 808.271760642125969, 627.080826478645122, 485.971180994988686, 376.077480421408097, 290.495586925385510, 223.848826926491427, 171.950228627267364, 131.539530443113790, 100.078460970118002,  75.591476192315440,  56.542049366123258
 485.971180994988686, 330.615030463828418, 223.848826926491427, 150.482394249859794, 100.078460970118002,  65.468733310627414,  41.736971117703092,  25.528643290075451,  14.606712092408033,   7.679260185913269,   4.717074731375884
 290.495586925385510, 171.950228627267364, 100.078460970118002,  56.542049366123258,  30.253208156774665,  14.606712092408033,   6.208345457066608,   4.981936164361030,   7.103024190087510,   8.859597787937975,  10.004744391008657
 171.950228627267364,  87.068287631740134,  41.736971117703092,  17.759942750308557,   6.208345457066608,   5.457968638441486,   8.065684740444036,   9.766168299376575,  10.718585766913751,  11.237020199104318,  11.516616276237439
 100.078460970118002,  41.736971117703092,  14.606712092408033,   4.717074731375884,   7.103024190087510,   9.497884280458029,  10.718585766913751,  11.307581461882718,  11.588063999756352,  11.721015758998430,  11.783916464991977
  56.542049366123258,  17.759942750308557,   4.717074731375884,   7.605172906280071,  10.004744391008657,  11.066842297374663,  11.516616276237439,  11.705152658790279,  11.783916464991977,  11.816778920253178,  11.830482984120982
  30.253208156774665,   6.208345457066608,   7.103024190087510,  10.004744391008657,  11.157174387181517,  11.588063999756352,  11.747377947750113,  11.806088392221397,  11.827700297774991,  11.835652692289491,  11.838578460208559
  14.606712092408033,   5.457968638441486,   9.497884280458029,  11.066842297374663,  11.588063999756352,  11.758287369746068,  11.813650266030637,  11.831634233897230,  11.837473848330260,  11.839369806611044,  11.839985346051538
   6.208345457066608,   8.065684740444036,  10.718585766913751,  11.516616276237439,  11.747377947750113,  11.813650266030637,  11.832650225253252,  11.838094832857148,  11.839654823262709,  11.840101774904987,  11.840229829261409
