2,2.5,3,3.5,4,4.5,5,5.5,6,6.5,7
4955.30675518356111,4955.30675518356111,4955.30675518356111,4955.30675518356111,4955.30675518356111,4955.30675518356111,4955.30675518356111,4955.30675518356111,4955.30675518356111,4955.30675518356111,4955.30675518356111
2995.04600321848102,2639.98643866118027,2326.64916076200643,2050.13190414276596,1806.10846801282423,1590.76103188485263,1400.72042528151042,1233.01341699355248,1085.01619929342610, 954.41333945786982, 839.16155652776627
1806.10846801282423,1400.72042528151042,1085.01619929342610, 839.16155652776627, 647.71082805182243, 498.63664577590009, 382.57453533059453, 292.23498733834202, 221.94622685638618, 167.29927008040463, 124.87362622095888
1085.01619929342610, 737.45775677603967, 498.63664577590009, 334.57724306440116, 221.94622685638618, 144.74006979474470,  92.02784088401799,  56.45368416558352,  33.36825643268669,  20.58281435378874,  17.23158206518496
 647.71082805182243, 382.57453533059453, 221.94622685638618, 124.87362622095888,  66.74493139970237,  33.36825643268669,  18.51609905969544,  18.37247891488276,  22.45725966793550,  25.84614625071200,  28.11254775526796
 382.57453533059453, 192.90173122105517,  92.02784088401799,  39.86210845993720,  18.51609905969544,  19.33679671543887,  24.30108120204756,  27.63690220499331,  29.54577340335142,  30.59546460777856,  31.16441832719649
 221.94622685638618,  92.02784088401799,  33.36825643268669,  17.23158206518496,  22.45725966793550,  27.10415352714680,  29.54577340335142,  30.73886812554983,  31.31011415328170,  31.58155193995217,  31.71011618615618
 124.87362622095888,  39.86210845993720,  17.23158206518496,  23.41512363979709,  28.11254775526796,  30.25012636890208,  31.16441832719649,  31.54914354134121,  31.71011618615618,  31.77732102077497,  31.80535365163633
  66.74493139970237,  18.51609905969544,  22.45725966793550,  28.11254775526796,  30.43334323178495,  31.31011415328170,  31.63542303662839,  31.75545579301201,  31.79966112060022,  31.81592977661988,  31.82191554839227
  33.36825643268669,  19.33679671543887,  27.10415352714680,  30.25012636890208,  31.31011415328170,  31.65772116257211,  31.77092174362592,  31.80770881103736,  31.81965562130873,  31.82353458239207,  31.82479393877892
  18.51609905969544,  24.30108120204756,  29.54577340335142,  31.16441832719649,  31.63542303662839,  31.77092174362592,  31.80978729197713,  31.82092609102833,  31.82411770810533,  31.82503214613407,  31.82529413902050
