2,2.5,3,3.5,4,4.5,5,5.5,6,6.5,7
3678.078134420008155,3678.078134420008155,3678.078134420008155,3678.078134420008155,3678.078134420008155,3678.078134420008155,3678.078134420008155,3678.078134420008155,3678.078134420008155,3678.078134420008155,3678.078134420008155
2226.312103304876928,1963.353702788264172,1731.293977162531974,1526.502270154898724,1345.774543533934548,1186.283248847742925,1045.533089495075956, 921.321981016198151, 811.706598819828287, 714.971974336595508, 629.604663931200434
1345.774543533934548,1045.533089495075956, 811.706598819828287, 629.604663931200434, 487.786549464438735, 377.342424626221430, 291.333610041903455, 224.356677557696969, 172.204027397235450, 131.599637591663821,  99.993422073913152
 811.706598819828287, 554.269070806152399, 377.342424626221430, 255.753741903935065, 172.204027397235450, 114.807419020151826,  75.401355634105741,  48.388650761067147,  29.951265583759529,  17.541300545912407,   9.650937057257707
 487.786549464438735, 291.333610041903455, 172.204027397235450,  99.993422073913152,  56.281488031531126,  29.951265583759529,  14.452437534353702,   6.700886558834243,   6.219822011785681,   8.319641888720213,  10.017601473480591
 291.333610041903455, 150.632624394600867,  75.401355634105741,  35.323742127252629,  14.452437534353702,   5.972667099861007,   7.256872905704411,   9.653220859519193,  11.130105667083322,  11.953606101082404,  12.401727858346050
 172.204027397235450,  75.401355634105741,  29.951265583759529,   9.650937057257707,   6.219822011785681,   9.249202246878799,  11.130105667083322,  12.066462598247261,  12.516620264302064,  12.730790752159971,  12.832278926521015
  99.993422073913152,  35.323742127252629,   9.650937057257707,   6.714997921226153,  10.017601473480591,  11.682133507750921,  12.401727858346050,  12.705212263990656,  12.832278926521015,  12.885341102575685,  12.907476600741028
  56.281488031531126,  14.452437534353702,   6.219822011785681,  10.017601473480591,  11.826104843833281,  12.516620264302064,  12.773312948374111,  12.868076432528628,  12.902981491916039,  12.915828170674544,  12.920554984805090
  29.951265583759529,   5.972667099861007,   9.249202246878799,  11.682133507750921,  12.516620264302064,  12.790915060538103,  12.880288189596131,  12.909336367381746,  12.918770370675769,  12.921833504603638,  12.922827996651250
  14.452437534353702,   7.256872905704411,  11.130105667083322,  12.401727858346050,  12.773312948374111,  12.880288189596131,  12.910977660053696,  12.919773631405798,  12.922293988642664,  12.923016105161743,  12.923222996820378
