2,2.5,3,3.5,4,4.5,5,5.5,6,6.5,7
1897.126663673560415,1897.126663673560415,1897.126663673560415,1897.126663673560415,1897.126663673560415,1897.126663673560415,1897.126663673560415,1897.126663673560415,1897.126663673560415,1897.126663673560415,1897.126663673560415
1147.287649884402526,1011.470572839066108, 891.613241822020655, 785.840449424133112, 692.497346766199485, 610.123553066625959, 537.430307810864633, 473.280308084241028, 416.669915647718767, 366.713455421690128, 322.629359777157447
 692.497346766199485, 537.430307810864633, 416.669915647718767, 322.629359777157447, 249.400607246345146, 192.383273395226666, 147.995683621378191, 113.450001653153166,  86.577348973694200,  65.692027351018893,  49.486504372376743
 416.669915647718767, 283.727941930016584, 192.383273395226666, 129.640906617825920,  86.577348973694200,  57.073586437069686,  36.950932521780537,  23.392993670125374,  14.584994872091974,   9.508756136767941,   7.561978954643228
 249.400607246345146, 147.995683621378191,  86.577348973694200,  49.486504372376743,  27.312839471415256,  14.584994872091974,   8.548258108629746,   7.482338948085227,   8.396149246110991,   9.404607233755115,  10.134149092030917
 147.995683621378191,  75.475805457711061,  36.950932521780537,  17.070621779918334,   8.548258108629746,   7.638822181128833,   8.929546707908097,   9.978376384424985,  10.610611267788991,  10.965439044526160,  11.159564650792952
  86.577348973694200,  36.950932521780537,  14.584994872091974,   7.561978954643228,   8.396149246110991,   9.805471705486198,  10.610611267788991,  11.014254793716352,  11.209464113738452,  11.302625403806047,  11.346837627701724
  49.486504372376743,  17.070621779918334,   7.561978954643228,   8.667905619543138,  10.134149092030917,  10.848208824244121,  11.159564650792952,  11.291489165046523,  11.346837627701724,  11.369970699512432,  11.379624413121467
  27.312839471415256,   8.548258108629746,   8.396149246110991,  10.134149092030917,  10.910346413964751,  11.209464113738452,  11.321144520141793,  11.362442672801727,  11.377663843977768,  11.383267226476349,  11.385329112524918
  14.584994872091974,   7.638822181128833,   9.805471705486198,  10.848208824244121,  11.209464113738452,  11.328812729940251,  11.367767315645358,  11.380435586490460,  11.384550634042339,  11.385886832434268,  11.386320657616499
   8.548258108629746,   8.929546707908097,  10.610611267788991,  11.159564650792952,  11.321144520141793,  11.367767315645358,  11.381151480251321,  11.384988271478953,  11.386087707905311,  11.386402716265142,  11.386492968865451
