2,2.5,3,3.5,4,4.5,5,5.5,6,6.5,7
5377.93446826936361,5377.93446826936361,5377.93446826936361,5377.93446826936361,5377.93446826936361,5377.93446826936361,5377.93446826936361,5377.93446826936361,5377.93446826936361,5377.93446826936361,5377.93446826936361
3247.07198612481307,2861.11200179220305,2520.50559783995413,2219.92387846133943,1954.66415194350361,1720.57635647788561,1513.99813239791297,1331.69752513339677,1170.82242259269469,1028.85593609588750, 903.57702703942527
1954.66415194350361,1513.99813239791297,1170.82242259269469, 903.57702703942527, 695.47266466557744, 533.43618435513713, 407.28962854095352, 309.11152820409370, 232.74062845771195, 173.39156705759186, 127.35995414233791
1170.82242259269469, 793.02576363861544, 533.43618435513713, 355.12586755171048, 232.74062845771195, 148.90687300017782,  91.80217663980389,  53.61615232732369,  29.96217574940024,  20.19696058538448,  21.94824724798734
 695.47266466557744, 407.28962854095352, 232.74062845771195, 127.35995414233791,  64.58594368912935,  29.96217574940024,  19.91065638813030,  25.26670261514678,  31.40128801720232,  35.64811812533747,  38.34946328433609
 407.28962854095352, 201.19230629514610,  91.80217663980389,  36.34779840644755,  19.91065638813030,  26.95064747947253,  33.75281232294171,  37.78861737401980,  40.02403477208479,  41.23817046940997,  41.89259801728387
 232.74062845771195,  91.80217663980389,  29.96217574940024,  21.94824724798734,  31.40128801720232,  37.15692800315791,  40.02403477208479,  41.40334445138345,  42.05980590668605,  42.37093357059960,  42.51812523637827
 127.35995414233791,  36.34779840644755,  21.94824724798734,  32.63790017810746,  38.34946328433609,  40.83974629122778,  41.89259801728387,  42.33381241264525,  42.51812523637827,  42.59502444438379,  42.62709222684023
  64.58594368912935,  19.91065638813030,  31.40128801720232,  38.34946328433609,  41.05124548089989,  42.05980590668605,  42.43262312942208,  42.57000832951546,  42.62058069271698,  42.63918942373652,  42.64603576047087
  29.96217574940024,  26.95064747947253,  37.15692800315791,  40.83974629122778,  42.05980590668605,  42.45815186404951,  42.58770331800811,  42.62978617014576,  42.64345095409444,  42.64788752116874,  42.64932789113889
  19.91065638813030,  33.75281232294171,  40.02403477208479,  41.89259801728387,  42.43262312942208,  42.58770331800811,  42.63216360602648,  42.64490406615080,  42.64855446371000,  42.64960033608995,  42.64989998485436
