2,2.5,3,3.5,4,4.5,5,5.5,6,6.5,7
4988.509024796515405,4988.509024796515405,4988.509024796515405,4988.509024796515405,4988.509024796515405,4988.509024796515405,4988.509024796515405,4988.509024796515405,4988.509024796515405,4988.509024796515405,4988.509024796515405
3021.028651399861246,2664.658504182676552,2350.163072490623108,2072.621963685576247,1827.692948723172321,1611.544026455128233,1420.793470634318965,1252.456921638408403,1103.900695145508053, 972.800577262446609, 857.105461444652519
1827.692948723172321,1420.793470634318965,1103.900695145508053, 857.105461444652519, 664.902576216747889, 515.216684895242906, 398.643629189352112, 307.859630139973490, 237.161181294627369, 182.106751443972087, 139.237798205806939
1103.900695145508053, 755.005258299424213, 515.216684895242906, 350.417806888451025, 237.161181294627369, 159.333147812489841, 105.861587801339041,  69.141644666250855,  43.956645404770981,  26.745052798459952,  15.128097532836604
 664.902576216747889, 398.643629189352112, 237.161181294627369, 139.237798205806939,  79.882223447113375,  43.956645404770981,  22.340153556259132,   9.764912516737764,   4.660979276085397,   6.329628462364216,   8.623407875118071
 398.643629189352112, 207.914851697967208, 105.861587801339041,  51.317690925711140,  22.340153556259132,   7.734599868936456,   5.116703622852847,   8.117642796922940,  10.182943317514656,  11.342901704790448,  11.974303021484182
 237.161181294627369, 105.861587801339041,  43.956645404770981,  15.128097532836604,   4.660979276085397,   7.562583570003383,  10.182943317514656,  11.501930476514794,  12.136145262929199,  12.437765325365861,  12.580656273971398
 139.237798205806939,  51.317690925711140,  15.128097532836604,   4.713796773681876,   8.623407875118071,  10.960372880356925,  11.974303021484182,  12.401747998593700,  12.580656273971398,  12.655355158714015,  12.686514470764951
  79.882223447113375,  22.340153556259132,   4.660979276085397,   8.623407875118071,  11.163236149189983,  12.136145262929199,  12.497637815595080,  12.631051427846531,  12.680186980181823,  12.698270322412363,  12.704923805575659
  43.956645404770981,   7.734599868936456,   7.562583570003383,  10.960372880356925,  12.136145262929199,  12.522420814761828,  12.648242179809770,  12.689132335007717,  12.702411782421590,  12.706723444967274,  12.708123284965300
  22.340153556259132,   5.116703622852847,  10.182943317514656,  11.974303021484182,  12.497637815595080,  12.648242179809770,  12.691442660910354,  12.703823973456593,  12.707371619388475,  12.708388064877861,  12.708679283676627
