2,2.5,3,3.5,4,4.5,5,5.5,6,6.5,7
6389.752455129922055,6389.752455129922055,6389.752455129922055,6389.752455129922055,6389.752455129922055,6389.752455129922055,6389.752455129922055,6389.752455129922055,6389.752455129922055,6389.752455129922055,6389.752455129922055
3870.420565567513222,3414.093645886996910,3011.386820400773104,2655.999598069004151,2342.371820006653707,2065.596668858916928,1821.343899948478338,1605.792093121914149,1415.568865355576918,1247.698108731523917,1099.553428310174013
2342.371820006653707,1821.343899948478338,1415.568865355576918,1099.553428310174013, 853.443565555607165, 661.777172573789130, 512.512650003463477, 396.272395620374084, 305.753679451012601, 235.269900526535935, 180.393424423675071
1415.568865355576918, 968.817051428207947, 661.777172573789130, 450.763605205779925, 305.753679451012601, 206.116358417862784, 137.677600761488861,  90.705525061103756,  58.530567944106281,  36.610108820217889,  21.924381606618109
 853.443565555607165, 512.512650003463477, 305.753679451012601, 180.393424423675071, 104.440571056270159,  58.530567944106281,  31.023755837922440,  15.218985943216035,   8.313406739547867,   8.593160306638394,  10.710311248609811
 512.512650003463477, 268.310059956433406, 137.677600761488861,  67.927710463998835,  31.023755837922440,  12.684042885673966,   7.884985713280781,  10.197177699139365,  12.388623013641048,  13.701827062972283,  14.432778695764265
 305.753679451012601, 137.677600761488861,  58.530567944106281,  21.924381606618109,   8.313406739547867,   9.658493364553179,  12.388623013641048,  13.884994241399287,  14.621642911964390,  14.975101308971597,  15.143186051829836
 180.393424423675071,  67.927710463998835,  21.924381606618109,   7.896648685513409,  10.710311248609811,  13.264081311320023,  14.432778695764265,  14.932796536668143,  15.143186051829836,  15.231210673143041,  15.267959388092173
 104.440571056270159,  31.023755837922440,   8.313406739547867,  10.710311248609811,  13.495709683262193,  14.621642911964390,  15.045482071472287,  15.202559837725925,  15.260495408307222,  15.281828685015171,  15.289679446355894
  58.530567944106281,  12.684042885673966,   9.658493364553179,  13.264081311320023,  14.621642911964390,  15.074635179615111,  15.222824285216712,  15.271047666661305,  15.286715295108726,  15.291803066253042,  15.293454953886854
  31.023755837922440,   7.884985713280781,  12.388623013641048,  14.432778695764265,  15.045482071472287,  15.222824285216712,  15.273773249110910,  15.288381645982552,  15.292567942991525,  15.293767412686041,  15.294111072703974
