2,2.5,3,3.5,4,4.5,5,5.5,6,6.5,7
4103.952222207285558,4103.952222207285558,4103.952222207285558,4103.952222207285558,4103.952222207285558,4103.952222207285558,4103.952222207285558,4103.952222207285558,4103.952222207285558,4103.952222207285558,4103.952222207285558
2482.945242984284050,2189.332491531402866,1930.220568458183152,1701.555576960167855,1499.759973706337860,1321.676597018272560,1164.519272104475476,1025.829220561736520, 903.436592168560082, 795.426517140200758, 700.109147745008841
1499.759973706337860,1164.519272104475476, 903.436592168560082, 700.109147745008841, 541.762726094652180, 418.449154591066076, 322.421332844638300, 247.646578576513207, 189.427736443047024, 144.108291775967359, 108.843056059729520
 903.436592168560082, 615.993220604744806, 418.449154591066076, 282.698380039009749, 189.427736443047024, 125.370195111439813,  81.420214957924699,  51.346580834459225,  30.932238261972465,  17.470903381936211,   9.743861286825325
 541.762726094652180, 322.421332844638300, 189.427736443047024, 108.843056059729520,  60.124001877219179,  30.932238261972465,  14.266043827239947,   7.912878168259307,   9.664020446358967,  12.442899711912903,  14.415904289731513
 322.421332844638300, 165.350122625247479,  81.420214957924699,  36.858934404514827,  14.266043827239947,   7.912858805275562,  11.133523153879029,  13.999030765687824,  15.676330272381925,  16.601387374542341,  17.102917828651897
 189.427736443047024,  81.420214957924699,  30.932238261972465,   9.743861286825325,   9.664020446358967,  13.533477814893208,  15.676330272381925,  16.727798994541065,  17.231337515244114,  17.470565133309531,  17.583859649416972
 108.843056059729520,  36.858934404514827,   9.743861286825325,  10.409489849826157,  14.415904289731513,  16.296983725641237,  17.102917828651897,  17.442004416019216,  17.583859649416972,  17.643078423398773,  17.667779014163674
  60.124001877219179,  14.266043827239947,   9.664020446358967,  14.415904289731513,  16.458478979027554,  17.231337515244114,  17.518039086238549,  17.623811797742672,  17.662763156669175,  17.677097892372853,  17.682372066089659
  30.932238261972465,   7.912858805275562,  13.533477814893208,  16.296983725641237,  17.231337515244114,  17.537688835265321,  17.637439709455645,  17.669854208365230,  17.680380805610238,  17.683798622536397,  17.684908260108504
  14.266043827239947,  11.133523153879029,  15.676330272381925,  17.102917828651897,  17.518039086238549,  17.637439709455645,  17.671685610615452,  17.681500238681881,  17.684312423377921,  17.685118148015981,  17.685348993650198
