2,2.5,3,3.5,4,4.5,5,5.5,6,6.5,7
1420.70889503294711,1420.70889503294711,1420.70889503294711,1420.70889503294711,1420.70889503294711,1420.70889503294711,1420.70889503294711,1420.70889503294711,1420.70889503294711,1420.70889503294711,1420.70889503294711
 856.78422524692041, 754.64400904775425, 664.50756997207839, 584.96470635025071, 514.77096117461372, 452.82815344967065, 398.16719849163110, 349.93294852696300, 307.37081659314100, 269.81497470712299, 236.67794198234165
 514.77096117461372, 398.16719849163110, 307.37081659314100, 236.67794198234165, 181.64809402526978, 138.82547919694531, 105.52236958723452,  79.65115292259806,  59.59489466829555,  44.10907135073508,  32.24985442247865
 307.37081659314100, 207.44140023942029, 138.82547919694531,  91.76857502245953,  59.59489466829555,  37.77483461093958,  23.32700984160729,  14.49755976053292,  10.46366815041836,  10.05712726524106,  11.14274993633058
 181.64809402526978, 105.52236958723452,  59.59489466829555,  32.24985442247865,  16.87937316607998,  10.46366815041836,  10.34635440822105,  11.99211423321079,  13.42305871565259,  14.40182136402171,  15.02779979705457
 105.52236958723452,  51.34604472494123,  23.32700984160729,  11.31771142282223,  10.34635440822105,  12.39188686682396,  13.96452028782112,  14.89752901157301,  15.41781221534297,  15.70161351620406,  15.85495148097090
  59.59489466829555,  23.32700984160729,  10.46366815041836,  11.14274993633058,  13.42305871565259,  14.75100367633852,  15.41781221534297,  15.74029077363992,  15.89417131706860,  15.96719378851157,  16.00176056654179
  32.24985442247865,  11.31771142282223,  11.14274993633058,  13.70774189941946,  15.02779979705457,  15.60838578416220,  15.85495148097090,  15.95847826453560,  16.00176056654179,  16.01982497023566,  16.02735908108964
  16.87937316607998,  10.34635440822105,  13.42305871565259,  15.02779979705457,  15.65786284841424,  15.89417131706860,  15.98167948022311,  16.01394803616475,  16.02582918907299,  16.03020139917304,  16.03181003169363
  10.46366815041836,  12.39188686682396,  14.75100367633852,  15.60838578416220,  15.89417131706860,  15.98767471135603,  16.01810500837527,  16.02799203354542,  16.03120269572455,  16.03224513095408,  16.03258356916736
  10.34635440822105,  13.96452028782112,  15.41781221534297,  15.85495148097090,  15.98167948022311,  16.01810500837527,  16.02855062502131,  16.03154412397733,  16.03240183973065,  16.03264758465574,  16.03271799218628
