2,2.5,3,3.5,4,4.5,5,5.5,6,6.5,7
2857.299508866850374,2857.299508866850374,2857.299508866850374,2857.299508866850374,2857.299508866850374,2857.299508866850374,2857.299508866850374,2857.299508866850374,2857.299508866850374,2857.299508866850374,2857.299508866850374
1729.588293717219813,1525.326549413328166,1345.066712025178276,1185.988553646110176,1045.603241661568291, 921.714400190835931, 812.383747151519060, 715.900769336306553, 630.755961070692138, 555.617207777810108, 489.308944984987818
1045.603241661568291, 812.383747151519060, 630.755961070692138, 489.308944984987818, 379.156195706979361, 293.377360648842910, 226.583493458972555, 174.578547385357126, 134.095858682494651, 102.593099928195016,  78.092887754707220
 630.755961070692138, 430.793766736358009, 293.377360648842910, 198.955700569178589, 134.095858682494651,  89.572782773048090,  59.059159178420124,  38.231171727116461,  24.168911367038103,  14.980574945059512,   9.599263467627740
 379.156195706979361, 226.583493458972555, 134.095858682494651,  78.092887754707220,  44.301800513942986,  24.168911367038103,  12.795773551203222,   7.853238516926005,   7.485417092080238,   8.561908662552975,   9.560225161775248
 226.583493458972555, 117.357212674372221,  59.059159178420124,  28.239715356392509,  12.795773551203222,   7.452494969801352,   7.988723290933978,   9.338936843664747,  10.255341835097108,  10.786102797832349,  11.079882364716626
 134.095858682494651,  59.059159178420124,  24.168911367038103,   9.599263467627740,   7.485417092080238,   9.097771043287857,  10.255341835097108,  10.859779388741984,  11.155718624025791,  11.297619503068159,  11.365098324556085
  78.092887754707220,  28.239715356392509,   9.599263467627740,   7.717102843116442,   9.560225161775248,  10.609770107202921,  11.079882364716626,  11.280636280264760,  11.365098324556085,  11.400438281794544,  11.415192653007463
  44.301800513942986,  12.795773551203222,   7.485417092080238,   9.560225161775248,  10.703125773100401,  11.155718624025791,  11.325873989096106,  11.388935404007684,  11.412195882863987,  11.420761186158359,  11.423913298423860
  24.168911367038103,   7.452494969801352,   9.097771043287857,  10.609770107202921,  11.155718624025791,  11.337577685712096,  11.397071252310287,  11.416432594245787,  11.422723177554335,  11.424765943614219,  11.425429186648017
  12.795773551203222,   7.988723290933978,  10.255341835097108,  11.079882364716626,  11.325873989096106,  11.397071252310287,  11.417526915628041,  11.423392225048371,  11.425073046218307,  11.425554640871237,  11.425692622620245
