2,2.5,3,3.5,4,4.5,5,5.5,6,6.5,7
113.063953141154727,113.063953141154727,113.063953141154727,113.063953141154727,113.063953141154727,113.063953141154727,113.063953141154727,113.063953141154727,113.063953141154727,113.063953141154727,113.063953141154727
 64.561849998241087, 55.837730546274173, 48.175203786350956, 41.457303270338528, 35.582879289365970, 30.465377353551091, 26.031930010144002, 22.222698651888347, 18.990283877877179, 16.298765882771093, 14.121501145526430
 35.582879289365970, 26.031930010144002, 18.990283877877179, 14.121501145526430, 11.217684887399447, 10.002771503549745,  9.954751464734498, 10.485586246879445, 11.199628360161174, 11.906173954562762, 12.532307686496557
 18.990283877877179, 12.436382404252930, 10.002771503549745, 10.178238517985424, 11.199628360161174, 12.231242411354939, 13.059296114943125, 13.674182417848312, 14.115484325866230, 14.426775031485253, 14.644244318458815
 11.217684887399447,  9.954751464734498, 11.199628360161174, 12.532307686496557, 13.490753128810930, 14.115484325866230, 14.508163148586055, 14.750961354403916, 14.899837946384915, 14.990710067628576, 15.046033776946970
  9.954751464734498, 11.560219925767809, 13.059296114943125, 13.984871395607854, 14.508163148586055, 14.795295892999391, 14.950871502041331, 15.034666088549390, 15.079664538456329, 15.103792003639031, 15.116718339225512
 11.199628360161174, 13.059296114943125, 14.115484325866230, 14.644244318458815, 14.899837946384915, 15.021792679429232, 15.079664538456329, 15.107059481293165, 15.120012840496658, 15.126134444663396, 15.129026725293333
 12.532307686496557, 13.984871395607854, 14.644244318458815, 14.926930553580158, 15.046033776946970, 15.095896119669288, 15.116718339225512, 15.125404641632446, 15.129026725293333, 15.130536824355374, 15.131166360296383
 13.490753128810930, 14.508163148586055, 14.899837946384915, 15.046033776946970, 15.100090103475017, 15.120012840496658, 15.127346922505394, 15.130045644574357, 15.131038538748665, 15.131403816253545, 15.131538195982195
 14.115484325866230, 14.795295892999391, 15.021792679429232, 15.095896119669288, 15.120012840496658, 15.127848553280970, 15.130393084534047, 15.131219241106898, 15.131487462065650, 15.131574541419354, 15.131602812026244
 14.508163148586055, 14.950871502041331, 15.079664538456329, 15.116718339225512, 15.127346922505394, 15.130393084534047, 15.131265908372155, 15.131515983465816, 15.131587631744196, 15.131608159365975, 15.131614040631884
