2,2.5,3,3.5,4,4.5,5,5.5,6,6.5,7
957.897953323846195,957.897953323846195,957.897953323846195,957.897953323846195,957.897953323846195,957.897953323846195,957.897953323846195,957.897953323846195,957.897953323846195,957.897953323846195,957.897953323846195
578.323520819484770,509.573228333010150,448.902476692788127,395.362057490865595,348.114320970739641,306.420071310250307,269.627002436426778,237.159493504460187,208.509604464395579,183.229130940519866,160.922594256367233
348.114320970739641,269.627002436426778,208.509604464395579,160.922594256367233,123.876668434298338, 95.045066292056575, 72.617599492095167, 55.187302617701512, 41.662724823436150, 31.200618552733136, 23.155277502851281
208.509604464395579,141.241057116013423, 95.045066292056575, 63.352537621747786, 41.662724823436150, 26.909579032000916, 17.042069415491763, 10.767272376383799,  7.374019520070307,  6.296132104409883,  6.522180491491726
123.876668434298338, 72.617599492095167, 41.662724823436150, 23.155277502851281, 12.513172654694527,  7.374019520070307,  6.283757234842185,  6.912361281743451,  7.693252443142617,  8.273377209621962,  8.656182198832170
 72.617599492095167, 36.093357079624731, 17.042069415491763,  8.213924921183704,  6.283757234842185,  7.119180149659419,  8.010959206934530,  8.575908842385921,  8.898179328162712,  9.075694205630541,  9.172054116494992
 41.662724823436150, 17.042069415491763,  7.374019520070307,  6.522180491491726,  7.693252443142617,  8.485983554642221,  8.898179328162712,  9.099971072210037,  9.196748114544313,  9.242775363314548,  9.264585695109677
 23.155277502851281,  8.213924921183704,  6.522180491491726,  7.859188166312829,  8.656182198832170,  9.017258675004655,  9.172054116494992,  9.237278444418495,  9.264585695109677,  9.275989275481402,  9.280746493082590
 12.513172654694527,  6.283757234842185,  7.693252443142617,  8.656182198832170,  9.048256617918302,  9.196748114544313,  9.251913559418396,  9.272278901096517,  9.279780428917853,  9.282541373254144,  9.283557241807385
  7.374019520070307,  7.119180149659419,  8.485983554642221,  9.017258675004655,  9.196748114544313,  9.255696339367413,  9.274903343763082,  9.281146184650252,  9.283173699127930,  9.283832016814243,  9.284045749716149
  6.283757234842185,  8.010959206934530,  8.898179328162712,  9.172054116494992,  9.251913559418396,  9.274903343763082,  9.281498923255699,  9.283389316169412,  9.283930982486487,  9.284086177382040,  9.284130641866035
