2,2.5,3,3.5,4,4.5,5,5.5,6,6.5,7
4415.254496782486058,4415.254496782486058,4415.254496782486058,4415.254496782486058,4415.254496782486058,4415.254496782486058,4415.254496782486058,4415.254496782486058,4415.254496782486058,4415.254496782486058,4415.254496782486058
2672.310340692023601,2356.610713241204394,2078.006998072120496,1832.140341611677968,1615.164073396798358,1423.683523600342824,1254.702912283497881,1105.578479442826620, 973.977122561137435, 857.839894540124874, 755.349790937761895
1615.164073396798358,1254.702912283497881, 973.977122561137435, 755.349790937761895, 585.085428560825790, 452.487032335325182, 349.224049882455688, 268.809032227331102, 206.190104468072775, 157.433670309126398, 119.477454358746087
 973.977122561137435, 664.903322544602929, 452.487032335325182, 306.505828916994687, 206.190104468072775, 137.268461613856488,  89.938446118586143,  57.475305866262040,  35.285687029265247,  20.291692308578888,  10.659390333024412
 585.085428560825790, 349.224049882455688, 206.190104468072775, 119.477454358746087,  66.963852794528435,  35.285687029265247,  16.537562711010171,   7.035699934432739,   6.930641706815171,   9.827663337794334,  12.009045120037339
 349.224049882455688, 180.288403169113280,  89.938446118586143,  41.757126183191076,  16.537562711010171,   6.199665442648574,   8.410281615683257,  11.546440144285640,  13.408938206159316,  14.435951076012945,  14.992296121923895
 206.190104468072775,  89.938446118586143,  35.285687029265247,  10.659390333024412,   6.930641706815171,  11.030489378360908,  13.408938206159316,  14.576214490719758,  15.134687565244501,  15.399868481274002,  15.525419497796381
 119.477454358746087,  41.757126183191076,  10.659390333024412,   7.656548135561572,  12.009045120037339,  14.098102492305433,  14.992296121923895,  15.368214443905718,  15.525419497796381,  15.591035691278465,  15.618402846824656
  66.963852794528435,  16.537562711010171,   6.930641706815171,  12.009045120037339,  14.277356378807283,  15.134687565244501,  15.452481036842537,  15.569688371499437,  15.612845588124758,  15.628727465799917,  15.634570786267812
  35.285687029265247,   6.199665442648574,  11.030489378360908,  14.098102492305433,  15.134687565244501,  15.474256527658341,  15.584788094398219,  15.620702020000531,  15.632364650699934,  15.636151276740561,  15.637380648362456
  16.537562711010171,   8.410281615683257,  13.408938206159316,  14.992296121923895,  15.452481036842537,  15.584788094398219,  15.622731081974115,  15.633604881640125,  15.636720518891552,  15.637613183712959,  15.637868938091415
