2,2.5,3,3.5,4,4.5,5,5.5,6,6.5,7
2683.819722750396522,2683.819722750396522,2683.819722750396522,2683.819722750396522,2683.819722750396522,2683.819722750396522,2683.819722750396522,2683.819722750396522,2683.819722750396522,2683.819722750396522,2683.819722750396522
1620.058655504082026,1427.380312765727695,1257.342842941235631,1107.285952941430423, 974.861954012639444, 857.999031628325156, 754.868831629104989, 663.857855516448694, 583.542217411803676, 512.665367802306832, 450.118435631378702
 974.861954012639444, 754.868831629104989, 583.542217411803676, 450.118435631378702, 346.215189230591818, 265.304997510124167, 202.305218421733287, 153.258947895980981, 115.086852899355776,  85.394580004240098,  62.324198953112202
 583.542217411803676, 394.922881286327140, 265.304997510124167, 176.248424656962641, 115.086852899355776,  73.130117948299969,  44.441815490945658,  25.047894493414162,  12.632793010499197,   7.390287273549466,   9.206601437744425
 346.215189230591818, 202.305218421733287, 115.086852899355776,  62.324198953112202,  30.658586669720425,  12.632793010499197,   7.494675864176346,  11.380750980377133,  14.969010773391206,  17.315734501944590,  18.776643790192754
 202.305218421733287,  99.307951847628374,  44.441815490945658,  16.057159565595889,   7.494675864176346,  12.401558621217184,  16.277357063143263,  18.474926059943790,  19.673221693380505,  20.319671539843377,  20.666983900460131
 115.086852899355776,  44.441815490945658,  12.632793010499197,   9.206601437744425,  14.969010773391206,  18.134149279768760,  19.673221693380505,  20.407402876611467,  20.755603699949493,  20.920375482234174,  20.998271775645730
  62.324198953112202,  16.057159565595889,   9.206601437744425,  15.660156005912741,  18.776643790192754,  20.107845424448968,  20.666983900460131,  20.900724735104646,  20.998271775645730,  21.038954100501932,  21.055916236795806
  30.658586669720425,   7.494675864176346,  14.969010773391206,  18.776643790192754,  20.220327525549710,  20.755603699949493,  20.953026941406950,  21.025720765963534,  21.052472118685603,  21.062314574687452,  21.065935571739288
  12.632793010499197,  12.401558621217184,  18.134149279768760,  20.107845424448968,  20.755603699949493,  20.966537136205385,  21.035081384946686,  21.057341112837467,  21.064568487994297,  21.066914946794661,  21.067676738189771
   7.494675864176346,  16.277357063143263,  19.673221693380505,  20.666983900460131,  20.953026941406950,  21.035081384946686,  21.058598572594715,  21.065337028843434,  21.067267683727749,  21.067820830113217,  21.067979309575360
