2,2.5,3,3.5,4,4.5,5,5.5,6,6.5,7
289.48086971075844,289.48086971075844,289.48086971075844,289.48086971075844,289.48086971075844,289.48086971075844,289.48086971075844,289.48086971075844,289.48086971075844,289.48086971075844,289.48086971075844
172.62834532609583,151.48581513155116,132.84036792869202,116.40056847746882,101.90957239345289, 89.14113221738320, 77.89608916886064, 67.99929733866870, 59.29693385165583, 51.65415412742601, 44.95305532756579
101.90957239345289, 77.89608916886064, 59.29693385165583, 44.95305532756579, 33.97864856654918, 25.70773707405454, 19.65149685518961, 15.45350278504252, 12.82247139963065, 11.44408174584652, 10.94399735790971
 59.29693385165583, 39.09091245368572, 25.70773707405454, 17.33893013145624, 12.82247139963065, 11.10855985371106, 10.95723889087729, 11.38001806830501, 11.89707127272734, 12.34631143030560, 12.69464383481571
 33.97864856654918, 19.65149685518961, 12.82247139963065, 10.94399735790971, 11.21389409484481, 11.89707127272734, 12.47360245530175, 12.87473050733501, 13.13511845847533, 13.29894377243571, 13.40039075659222
 19.65149685518961, 11.99905552337346, 10.95723889087729, 11.72820121836439, 12.47360245530175, 12.95119089381495, 13.22668445989582, 13.37944315583211, 13.46266864288347, 13.50762549853138, 13.53180515858466
 12.82247139963065, 10.95723889087729, 11.89707127272734, 12.69464383481571, 13.13511845847533, 13.35578464300487, 13.46266864288347, 13.51373140034497, 13.53797815979644, 13.54945954531532, 13.55488920255780
 10.94399735790971, 11.72820121836439, 12.69464383481571, 13.18358734666994, 13.40039075659222, 13.49288780563984, 13.53180515858466, 13.54809000140459, 13.55488920255780, 13.55772538167616, 13.55890799832517
 11.21389409484481, 12.47360245530175, 13.13511845847533, 13.40039075659222, 13.50071284471686, 13.53797815979644, 13.55173532831312, 13.55680278036644, 13.55866786642819, 13.55935411154841, 13.55960658302687
 11.89707127272734, 12.95119089381495, 13.35578464300487, 13.49288780563984, 13.53797815979644, 13.55267703945266, 13.55745538019227, 13.55900734467631, 13.55951126376442, 13.55967486971531, 13.55972798556828
 12.47360245530175, 13.22668445989582, 13.46266864288347, 13.53180515858466, 13.55173532831312, 13.55745538019227, 13.55909501863107, 13.55956484986283, 13.55969946425945, 13.55973803238084, 13.55974908236965
