2,2.5,3,3.5,4,4.5,5,5.5,6,6.5,7
1020.455314735926208,1020.455314735926208,1020.455314735926208,1020.455314735926208,1020.455314735926208,1020.455314735926208,1020.455314735926208,1020.455314735926208,1020.455314735926208,1020.455314735926208,1020.455314735926208
 615.231858189235368, 541.837634294930467, 477.069657466977731, 419.914627043677513, 369.478354721384221, 324.971776188915271, 285.698607934964457, 251.044456265739768, 220.467208341319861, 193.488555166077560, 169.686514272824979
 369.478354721384221, 285.698607934964457, 220.467208341319861, 169.686514272824979, 130.167188141003749,  99.428133124176441,  75.541170666686469,  57.010907500225933,  42.682631278165985,  31.673133969675256,  23.321097782035000
 220.467208341319861, 148.688835610435973,  99.428133124176441,  65.685693113074464,  42.682631278165985,  27.198594472301160,  17.154015586665704,  11.354199432753735,   9.044960029664100,   8.992371484559960,   9.749666691213188
 130.167188141003749,  75.541170666686469,  42.682631278165985,  23.321097782035000,  12.861862612275335,   9.044960029664100,   9.207473129918903,  10.311411761767260,  11.254314702752513,  11.902340130833329,  12.318708622634903
  75.541170666686469,  36.809109478929514,  17.154015586665704,   9.486131292770004,   9.207473129918903,  10.574650995538882,  11.612377755958297,  12.231930893851484,  12.578914055361340,  12.768638715586993,  12.871279259363723
  42.682631278165985,  17.154015586665704,   9.044960029664100,   9.749666691213188,  11.254314702752513,  12.134406354208432,  12.578914055361340,  12.794519579365495,  12.897546822929865,  12.946469763904316,  12.969635743674800
  23.321097782035000,   9.486131292770004,   9.749666691213188,  11.442446302880203,  12.318708622634903,  12.706279672930499,  12.871279259363723,  12.940629523408688,  12.969635743674800,  12.981744001069409,  12.986794359489915
  12.861862612275335,   9.207473129918903,  11.254314702752513,  12.318708622634903,  12.739370085897878,  12.897546822929865,  12.956177226278914,  12.977804654789175,  12.985768805525890,  12.988699714516324,  12.989778079226534
   9.044960029664100,  10.574650995538882,  12.134406354208432,  12.706279672930499,  12.897546822929865,  12.960195117854752,  12.980591085824823,  12.987218658038010,  12.989370943622552,  12.990069754581274,  12.990296632251980
   9.207473129918903,  11.612377755958297,  12.578914055361340,  12.871279259363723,  12.956177226278914,  12.980591085824823,  12.987593110126680,  12.989599824337827,  12.990174806854119,  12.990339546146528,  12.990386745075915
